Villes,Mots-clés,position du média,Nom du média,Titre de l'article,Date de publication,Journée de différence,URL,date et heure saisie
Saint-Georges ,accident,1,EnBeauce.com,Deux interventions des services d'urgence hier à Saint-Georges,2021-06-25,8,https://www.enbeauce.com/actualites/faits-divers/430179/deux-interventions-des-services-durgence-hier-a-saint-georges,2021-07-03 11:20:01
Saint-Georges ,accident,2,Le Progrès,Rhône | Trois morts et 4 blessés dont un bébé dans un double accident sur l'A6,2021-07-01,2,https://www.leprogres.fr/faits-divers-justice/2021/07/01/trois-morts-et-4-blesses-dont-un-bebe-dans-un-double-accident-sur-l-a6-a-saint-georges-de-reneins,2021-07-03 11:20:01
Saint-Georges ,accident,3,France Bleu,Un blessé grave dans un accident à St Georges d'Oléron,2021-07-01,2,https://www.francebleu.fr/infos/faits-divers-justice/un-blesse-grave-dans-un-accident-a-st-georges-d-oleron-1625156558,2021-07-03 11:20:02
Saint-Georges ,accident,4,EnBeauce.com,Une personne blessée dans une sortie de route à Saint-Georges,2021-06-23,10,https://www.enbeauce.com/actualites/faits-divers/430010/une-personne-blessee-dans-une-sortie-de-route-a-saint-georges,2021-07-03 11:20:02
Saint-Georges ,accident,5,L’Ardennais,"Une Ardennaise, originaire de Sailly, décède dans un tragique accident sur l’A6, près de Lyon",2021-07-03,0,https://www.lardennais.fr/id272048/article/2021-07-03/une-jeune-femme-originaire-de-sailly-decede-dans-un-terrible-accident-pres-de,2021-07-03 11:20:02
Saint-Georges ,accident,6,EnBeauce.com,Collision sur le boulevard Lacroix à Saint-Georges,2021-06-08,25,https://www.enbeauce.com/actualites/faits-divers/428587/collision-sur-le-boulevard-lacroix-a-saint-georges,2021-07-03 11:20:02
Saint-Georges ,accident,7,Le Progrès,Rhône | Trois morts à Saint-Georges-de-Reneins: le véhicule était à contresens sur l’A6,2021-07-01,2,https://www.leprogres.fr/faits-divers-justice/2021/07/01/accident-mortel-a-saint-georges-de-reneins-le-vehicule-etait-a-contresens-sur-l-autoroute-a6,2021-07-03 11:20:02
Saint-Georges ,accident,8,Le JSL,Rhône | Une famille de Saint-Symphorien-de-Marmagne frappée par le double accident mortel sur l'A6 (actualisé),2021-07-01,2,https://www.lejsl.com/faits-divers-justice/2021/07/01/trois-morts-et-un-bebe-gravement-blesse-dans-un-double-accident-sur-l-a6,2021-07-03 11:20:03
Saint-Georges ,accident,9,EnBeauce.com,Un camion frappe un orignal sur la 175e rue à Saint-Georges,2021-06-11,22,https://www.enbeauce.com/actualites/faits-divers/428913/un-camion-frappe-un-orignal-sur-la-175e-rue-a-saint-georges,2021-07-03 11:20:03
Saint-Georges ,accident,10,Le Progrès,Rhône | Trois morts sur l’A6 à Saint-Georges-de-Reneins : l’octogénaire responsable du double accident,2021-07-02,1,https://www.leprogres.fr/faits-divers-justice/2021/07/02/accident-sur-l-a6-l-octogenaire-etait-a-contresens,2021-07-03 11:20:03
Saint-Georges ,accident,11,L'Éclaireur Progrès,Un accident fait un blessé à Sainte-Aurélie,2021-06-18,15,https://www.leclaireurprogres.ca/un-accident-fait-un-blesse-a-sainte-aurelie/,2021-07-03 11:20:03
Saint-Georges ,accident,12,Le Progrès,Rhône/Ain | Accident mortel de l'A6: le directeur du Decathlon de Beynost parmi les victimes,2021-07-02,1,https://www.leprogres.fr/faits-divers-justice/2021/07/01/clement-mellet-etait-le-directeur-du-decathlon-de-beynost,2021-07-03 11:20:03
Saint-Georges ,accident,13,La Montagne,Accident entre une voiture et une bétaillère sur la RN102 à Saint-Georges-d'Aurac (Haute-Loire),2021-06-29,4,https://www.lamontagne.fr/saint-georges-d-aurac-43230/actualites/accident-entre-une-voiture-et-une-betaillere-sur-la-rn102-a-saint-georges-d-aurac-haute-loire_13975812/,2021-07-03 11:20:04
Saint-Georges ,accident,14,Ouest-France éditions locales,Bretagne. Le pilote d’un paramoteur chute d’une trentaine de mètres,2021-06-05,28,https://www.ouest-france.fr/bretagne/saint-malo-35400/pres-de-saint-malo-un-pilote-de-parapente-a-moteur-tombe-d-environ-30-metres-6fc787a0-c5f7-11eb-940f-56738b984eb9,2021-07-03 11:20:04
Saint-Georges ,accident,15,Sudinfo.be,Accident à Saint-Georges ce vendredi: un ouvrier de Lhoist dans un état grave après une chute de cinq mètres!,2021-06-25,8,https://www.sudinfo.be/id401965/article/2021-06-25/accident-saint-georges-ce-vendredi-un-ouvrier-de-lhoist-dans-un-etat-grave-apres,2021-07-03 11:20:04
Saint-Georges ,accident,16,L'Express - Drummondville,Une jeune automobiliste blessée après s'être endormie au volant - L'Express,2021-06-14,19,https://www.journalexpress.ca/2021/06/14/une-jeune-automobiliste-blessee-apres-setre-endormie-au-volant/,2021-07-03 11:20:04
Saint-Georges ,accident,17,La Voix du Sud,Deux sorties de route à Sainte-Rose,2021-06-24,9,https://www.lavoixdusud.com/2021/06/24/deux-sorties-de-route-a-sainte-rose/,2021-07-03 11:20:04
Saint-Georges ,accident,18,actu.fr,"VIDÉO. Le 27 juin 1988, un terrible accident de train, gare de Lyon à Paris, fait de nombreux morts",2021-06-27,6,https://actu.fr/ile-de-france/paris_75056/video-le-27-juin-1988-un-terrible-accident-de-train-gare-de-lyon-a-paris-fait-de-nombreux-morts_42939593.html,2021-07-03 11:20:05
Saint-Georges ,accident,19,La Voix du Sud,Arrêté après une embardée en VTT,2021-06-09,24,https://www.lavoixdusud.com/2021/06/09/arrete-apres-une-embardee-en-vtt/,2021-07-03 11:20:05
Saint-Georges ,accident,20,Le Télégramme,Accident à Cesson-Sévigné : une cycliste de 40 ans décédée,2021-06-17,16,https://www.letelegramme.fr/ille-et-vilaine/rennes/accident-a-cesson-sevigne-une-cycliste-de-40-ans-decedee-17-06-2021-12770653.php,2021-07-03 11:20:05
Saint-Georges ,accident,21,EnBeauce.com,Accident entre deux véhicules sur la première avenue à Saint-Georges,2021-02-19,134,https://www.enbeauce.com/actualites/faits-divers/418416/accident-entre-deux-vehicules-sur-la-premiere-avenue-a-saint-georges,2021-07-03 11:20:06
Saint-Georges ,accident,22,EnBeauce.com,Accident de la route à Saint-Georges,2020-11-18,227,https://www.enbeauce.com/actualites/faits-divers/410625/accident-de-la-route-a-saint-georges,2021-07-03 11:20:06
Saint-Georges ,accident,23,L'Éclaireur Progrès,Deux personnes blessées à la suite d'une collision entre une moto et un chevreuil,2021-06-20,13,https://www.leclaireurprogres.ca/deux-personnes-blessees-a-la-suite-dune-collision-entre-une-moto-et-un-chevreuil/,2021-07-03 11:20:06
Saint-Georges ,accident,24,L'Éclaireur Progrès,Trois ambassadeurs unis pour la cause,2021-06-25,8,https://www.leclaireurprogres.ca/trois-ambassadeurs-unis-pour-la-cause/,2021-07-03 11:20:06
Saint-Georges ,accident,25,EnBeauce.com,Interventions des pompiers et collision à Saint-Georges vendredi soir,2021-05-15,49,https://www.enbeauce.com/actualites/faits-divers/426364/interventions-des-pompiers-et-collision-a-saint-georges-vendredi-soir,2021-07-03 11:20:06
Saint-Georges ,décès OR mort,1,NecrologieCanada,Kevin Patrick St George 2021,2021-07-03,0,https://necrocanada.com/deces-2021/kevin-patrickst-george-2021/,2021-07-03 11:20:41
Saint-Georges ,décès OR mort,2,NecrologieCanada,Michel Bernier (1961 2021),2021-07-02,1,https://necrocanada.com/deces-2021/michel-bernier-1961-2021/,2021-07-03 11:20:41
Saint-Georges ,décès OR mort,3,NecrologieCanada,Bernard Pomerleau (1961 2021),2021-07-01,2,https://necrocanada.com/deces-2021/bernard-pomerleau-1961-2021/,2021-07-03 11:20:41
Saint-Georges ,décès OR mort,4,NecrologieCanada,Colette Poulin (1928 2021),2021-06-30,3,https://necrocanada.com/deces-2021/colette-poulin-1928-2021/,2021-07-03 11:20:41
Saint-Georges ,décès OR mort,5,EnBeauce.com,COVID-19 : 12 nouveaux cas et un décès en Chaudière-Appalaches,2021-06-13,20,https://www.enbeauce.com/actualites/societe/429016/covid-19-12-nouveaux-cas-et-un-deces-en-chaudiere-appalaches,2021-07-03 11:20:41
Saint-Georges ,décès OR mort,6,France 3 Régions,Contresens mortel sur l'autoroute A6 : trois morts et un bébé en urgence absolue,2021-07-01,2,https://france3-regions.francetvinfo.fr/auvergne-rhone-alpes/rhone/lyon/accident-mortel-dans-le-rhone-sur-l-a6-a-st-georges-de-reneins-3-morts-et-un-bebe-en-urgence-absolue-2161930.html,2021-07-03 11:20:41
Saint-Georges ,décès OR mort,7,NecrologieCanada,Sarah Lefebvre-Desrochers (1991 2021),2021-06-29,4,https://necrocanada.com/deces-2021/sarah-lefebvre-desrochers-1991-2021/,2021-07-03 11:20:42
Saint-Georges ,décès OR mort,8,L'Éclaireur Progrès,COVID-19 : 34 nouveaux cas en Chaudière-Appalaches,2021-06-04,29,https://www.leclaireurprogres.ca/covid-19-34-nouveaux-cas-en-chaudiere-appalaches/,2021-07-03 11:20:42
Saint-Georges ,décès OR mort,9,NecrologieCanada,Rita Rouleau (1927 2021),2021-06-30,3,https://necrocanada.com/deces-2021/rita-rouleau-1927-2021/,2021-07-03 11:20:42
Saint-Georges ,décès OR mort,10,NecrologieCanada,Jean Durand 2021,2021-07-01,2,https://necrocanada.com/deces-2021/jean-durand-2021/,2021-07-03 11:20:42
Saint-Georges ,décès OR mort,11,NecrologieCanada,BeCHARD Georges 1949 2020,2021-06-30,3,https://necrocanada.com/deces-2021/bechard-georges-1949-2020/,2021-07-03 11:20:42
Saint-Georges ,décès OR mort,12,L’Ardennais,"Une Ardennaise, originaire de Sailly, décède dans un tragique accident sur l’A6, près de Lyon",2021-07-03,0,https://www.lardennais.fr/id272048/article/2021-07-03/une-jeune-femme-originaire-de-sailly-decede-dans-un-terrible-accident-pres-de,2021-07-03 11:20:42
Saint-Georges ,décès OR mort,13,Le Journal de Québec,"COVID-19: 267 nouveaux cas et six décès de plus au Québec, baisse importante des hospitalisations",2021-06-03,30,https://www.journaldequebec.com/2021/06/03/covid-19-267-nouveaux-cas-et-six-deces-de-plus-au-quebec,2021-07-03 11:20:42
Saint-Georges ,décès OR mort,14,NecrologieCanada,Rose-Alma Hamel Beaudoin (1929 2021),2021-06-14,19,https://necrocanada.com/deces-2021/rose-alma-hamel-beaudoin-1929-2021/,2021-07-03 11:20:43
Saint-Georges ,décès OR mort,15,NecrologieCanada,Maurice Barry 1940 2021,2021-06-29,4,https://necrocanada.com/deces-2021/maurice-barry-1940-2021/,2021-07-03 11:20:43
Saint-Georges ,décès OR mort,16,NecrologieCanada,DENIS LAPLANTE 19612021,2021-07-02,1,https://necrocanada.com/deces-2021/denis-laplante-19612021/,2021-07-03 11:20:43
Saint-Georges ,décès OR mort,17,Le JSL,Rhône | Une famille de Saint-Symphorien-de-Marmagne frappée par le double accident mortel sur l'A6 (actualisé),2021-07-01,2,https://www.lejsl.com/faits-divers-justice/2021/07/01/trois-morts-et-un-bebe-gravement-blesse-dans-un-double-accident-sur-l-a6,2021-07-03 11:20:43
Saint-Georges ,décès OR mort,18,Le Journal de Montréal,"PLOUFFE, Normand",2021-06-30,3,https://www.journaldemontreal.com/2021/06/30/073644e8fa/plouffe-normand,2021-07-03 11:20:43
Saint-Georges ,décès OR mort,19,NecrologieCanada,OZOUF CSSP Georges 1932 2021,2021-06-16,17,https://necrocanada.com/deces-2021/ozouf-cssp-georges-1932-2021/,2021-07-03 11:20:43
Saint-Georges ,décès OR mort,20,EnBeauce.com,COVID-19: Le nombre de cas ne diminue pas en Chaudière-Appalaches,2021-06-05,28,https://www.enbeauce.com/actualites/societe/428346/covid-19-le-nombre-de-cas-ne-diminue-pas-en-chaudiere-appalaches,2021-07-03 11:20:43
Saint-Georges ,décès OR mort,21,NecrologieCanada,Henriette Kathleen Morin 2021,2021-07-03,0,https://necrocanada.com/deces-2021/henriette-kathleen-morin-2021/,2021-07-03 11:20:44
Saint-Georges ,décès OR mort,22,Le Journal de Montréal,"HOTTE née MORIN, Huguette",2021-07-03,0,https://www.journaldemontreal.com/2021/07/03/600a708e31/hotte-nee-morin-huguette,2021-07-03 11:20:44
Saint-Georges ,décès OR mort,23,Le Journal de Québec,"VIGNOLA, Gilles",2021-07-03,0,https://www.journaldequebec.com/2021/07/03/e2f13df062/vignola-gilles,2021-07-03 11:20:44
Saint-Georges ,décès OR mort,24,Beauce-Média,COVID-19 | Un nouveau décès à Saint-Georges,2021-05-26,38,https://www.beaucemedia.ca/2021/05/26/covid-19-un-nouveau-deces-a-saint-georges/,2021-07-03 11:20:44
Saint-Georges ,décès OR mort,25,actu.fr,"Près de Flers, le stade de Saint-Georges-des-Groseillers porte le nom d'une personnalité locale",2021-06-29,4,https://actu.fr/normandie/saint-georges-des-groseillers_61391/pres-de-flers-le-stade-de-saint-georges-des-groseillers-porte-le-nom-d-une-personnalite-locale_42993864.html,2021-07-03 11:20:45
Saint-Georges ,incendie,1,TVA Nouvelles,Incendie majeur au centre-ville de Trois-Rivières,2021-06-29,4,https://www.tvanouvelles.ca/2021/06/29/incendie-majeur-au-centre-ville-de-trois-rivieres,2021-07-03 11:20:52
Saint-Georges ,incendie,2,EnBeauce.com,Incendie suspect dans un édifice à logements à Saint-Georges Ouest,2021-06-10,23,https://www.enbeauce.com/actualites/faits-divers/428745/incendie-suspect-dans-un-edifice-a-logements-a-saint-georges-ouest,2021-07-03 11:20:53
Saint-Georges ,incendie,3,TVA Nouvelles,Des milliers de canards périssent lors d'un incendie,2021-06-24,9,https://www.tvanouvelles.ca/2021/06/24/des-milliers-de-canards-perissent-lors-dun-incendie,2021-07-03 11:20:53
Saint-Georges ,incendie,4,L'Hebdo Journal,Sur les traces de l'incendie de 1908,2021-07-01,2,https://www.lhebdojournal.com/sur-les-traces-de-lincendie-de-1908/,2021-07-03 11:20:53
Saint-Georges ,incendie,5,EnBeauce.com,Pas de blessé dans l'incendie à Saint-Zacharie,2021-06-15,18,https://www.enbeauce.com/actualites/faits-divers/429262/pas-de-blesse-dans-lincendie-a-saint-zacharie,2021-07-03 11:20:53
Saint-Georges ,incendie,6,L'Éclaireur Progrès,Une résidence subit de lourds dégâts lors d'un incendie à Saint-Georges,2021-02-03,150,https://www.leclaireurprogres.ca/102464-2/,2021-07-03 11:20:53
Saint-Georges ,incendie,7,EnBeauce.com,Incendie à Saint-Georges : une entrée électrique en cause,2021-05-22,42,https://www.enbeauce.com/actualites/faits-divers/427057/incendie-a-saint-georges-une-entree-electrique-en-cause,2021-07-03 11:20:53
Saint-Georges ,incendie,8,Ouest-France,Près de Rennes. Une femme décède dans l’incendie de sa maison,2021-06-23,10,https://www.ouest-france.fr/bretagne/rennes-35000/pres-de-rennes-une-femme-decede-dans-l-incendie-de-sa-maison-3b7a9c0e-d456-11eb-a666-43bfa2f92df9,2021-07-03 11:20:54
Saint-Georges ,incendie,9,L'Éclaireur Progrès,Faits divers Incendie à Saint-Georges,2020-11-06,239,https://www.leclaireurprogres.ca/incendie-a-saint-georges/,2021-07-03 11:20:54
Saint-Georges ,incendie,10,L'Éclaireur Progrès,Une résidence est la proie des flammes à Saint-Georges,2021-03-30,95,https://www.leclaireurprogres.ca/incendie-de-vehicule-une-residence-est-la-proie-des-flammes-a-saint-georges/,2021-07-03 11:20:54
Saint-Georges ,incendie,11,Mon Matane,Éphémérides du 12 juin : un incendie détruit 90 bâtiments à Saint-Jean-de-Cherbourg en 1938,2021-06-12,21,https://monmatane.com/ephemerides-du-12-juin-un-incendie-detruit-90-batiments-a-saint-jean-de-cherbourg-en-1938/,2021-07-03 11:20:54
Saint-Georges ,incendie,12,EnBeauce.com,Interventions des pompiers et collision à Saint-Georges vendredi soir,2021-05-15,49,https://www.enbeauce.com/actualites/faits-divers/426364/interventions-des-pompiers-et-collision-a-saint-georges-vendredi-soir,2021-07-03 11:20:54
Saint-Georges ,incendie,13,EnBeauce.com,Sauvetage à Beauceville dimanche,2021-06-06,27,https://www.enbeauce.com/actualites/faits-divers/428377/sauvetage-a-beauceville-dimanche,2021-07-03 11:20:54
Saint-Georges ,incendie,14,Mon Matane,Éphémérides du 22 juin : un incendie rase une bonne partie du village de Saint-Luc en 1938,2021-06-22,11,https://monmatane.com/ephemerides-du-22-juin-un-incendie-rase-une-bonne-partie-du-village-de-saint-luc-en-1938/,2021-07-03 11:20:54
Saint-Georges ,incendie,15,EnBeauce.com,Collision sur le boulevard Lacroix à Saint-Georges,2021-06-08,25,https://www.enbeauce.com/actualites/faits-divers/428587/collision-sur-le-boulevard-lacroix-a-saint-georges,2021-07-03 11:20:55
Saint-Georges ,incendie,16,EnBeauce.com,Incendie à Saint-Georges : la petite cabane à sucre familiale est une perte totale,2021-03-23,102,https://www.enbeauce.com/actualites/faits-divers/421084/incendie-a-saint-georges-la-petite-cabane-a-sucre-familiale-est-une-perte-totale,2021-07-03 11:20:55
Saint-Georges ,incendie,17,EnBeauce.com,Feu dans une résidence de Saint-Georges,2020-11-28,217,https://www.enbeauce.com/actualites/faits-divers/411612/feu-dans-une-residence-de-saint-georges,2021-07-03 11:20:55
Saint-Georges ,incendie,18,Le Journal de Québec,Incendie majeur à Saint-Georges,,,https://www.journaldequebec.com/2020/06/21/incendie-majeur-a-saint-georges,2021-07-03 11:20:55
Saint-Georges ,incendie,19,L'Éclaireur Progrès,Caserne incendie : entente à l'amiable entre Saint-Georges et le constructeur,2021-05-27,37,https://www.leclaireurprogres.ca/caserne-incendie-entente-a-lamiable-entre-saint-georges-et-le-constructeur/,2021-07-03 11:20:55
Saint-Georges ,incendie,20,La Tribune - Groupe Capitales Médias,Incendie à St-Georges: un problème électrique en cause,2020-07-10,358,https://www.latribune.ca/actualites/justice-et-faits-divers/incendie-a-st-georges-un-probleme-electrique-en-cause-5c086f0723fcb91775ae15906e77cf95,2021-07-03 11:20:55
Saint-Georges ,incendie,21,EnBeauce.com,Un incendie de résidence en fin d'après-midi à Saint-Georges,2020-09-09,297,https://www.enbeauce.com/actualites/faits-divers/403711/un-incendie-de-residence-en-fin-dapres-midi-a-saint-georges,2021-07-03 11:20:55
Saint-Georges ,incendie,22,Ouest-France,Près d’Angers. Locaux du club de Saint-Georges détruits par un incendie : « C’est catastrophique »,2021-05-21,43,https://www.ouest-france.fr/pays-de-la-loire/saint-georges-sur-loire-49170/pres-d-angers-locaux-du-club-de-saint-georges-detruits-par-un-incendie-c-est-catastrophique-ccdc9af4-ba0b-11eb-b2b3-490e0276f9c6,2021-07-03 11:20:56
Saint-Georges ,incendie,23,EnBeauce.com,Incendie dans le secteur de Cumberland,2021-05-14,50,https://www.enbeauce.com/actualites/faits-divers/426314/incendie-dans-le-secteur-de-cumberland,2021-07-03 11:20:56
Saint-Georges ,incendie,24,EnBeauce.com,Feu de cuisinière dans une résidence,2021-05-20,44,https://www.enbeauce.com/actualites/faits-divers/426876/feu-de-cuisiniere-dans-une-residence,2021-07-03 11:20:56
Saint-Georges ,incendie,25,EnBeauce.com,Mort de deux chiens dans un incendie à Saint-Georges,2020-11-28,217,https://www.enbeauce.com/actualites/faits-divers/411614/mort-de-deux-chiens-dans-un-incendie-a-saint-georges,2021-07-03 11:20:56
Saint-Georges ,police OR Sûreté,1,EnBeauce.com,Intervention policière pour un conflit entre deux voisins,2021-06-09,24,https://www.enbeauce.com/actualites/faits-divers/428664/intervention-policiere-pour-un-conflit-entre-deux-voisins,2021-07-03 11:21:03
Saint-Georges ,police OR Sûreté,2,Ma Beauce,Femme happée sur le boulevard Lacroix à Saint-Georges Accueil,2021-06-15,18,https://mabeauce.com/femme-happee-sur-le-boulevard-lacroix-a-saint-georges/,2021-07-03 11:21:03
Saint-Georges ,police OR Sûreté,3,EnBeauce.com,Deux interventions des services d'urgence hier à Saint-Georges,2021-06-25,8,https://www.enbeauce.com/actualites/faits-divers/430179/deux-interventions-des-services-durgence-hier-a-saint-georges,2021-07-03 11:21:04
Saint-Georges ,police OR Sûreté,4,EnBeauce.com,Deux personnes interceptées à Saint-Georges pour alcoolémie au volant,2021-06-15,18,https://www.enbeauce.com/actualites/faits-divers/429252/deux-personnes-interceptees-a-saint-georges-pour-alcoolemie-au-volant,2021-07-03 11:21:04
Saint-Georges ,police OR Sûreté,5,Le Parisien,Tags insultants et menaçants contre une policière à Villeneuve-Saint-Georges : deux mineurs arrêtés,2021-07-02,1,https://www.leparisien.fr/val-de-marne-94/tags-insultants-et-menacants-contre-une-policiere-a-villeneuve-saint-georges-deux-mineurs-arretes-02-07-2021-DTZORG7PUNHUTE7UY6CSTMZSYU.php,2021-07-03 11:21:04
Saint-Georges ,police OR Sûreté,6,EnBeauce.com,Un camion frappe un orignal sur la 175e rue à Saint-Georges,2021-06-11,22,https://www.enbeauce.com/actualites/faits-divers/428913/un-camion-frappe-un-orignal-sur-la-175e-rue-a-saint-georges,2021-07-03 11:21:04
Saint-Georges ,police OR Sûreté,7,EnBeauce.com,Incendie suspect dans un édifice à logements à Saint-Georges Ouest,2021-06-10,23,https://www.enbeauce.com/actualites/faits-divers/428745/incendie-suspect-dans-un-edifice-a-logements-a-saint-georges-ouest,2021-07-03 11:21:04
Saint-Georges ,police OR Sûreté,8,Le Journal de Montréal,La justice américaine deviendrait-elle plus sévère envers la police?,2021-06-25,8,https://www.journaldemontreal.com/2021/06/25/la-justice-americaine-deviendrait-elle-plus-severe-envers-la-police,2021-07-03 11:21:04
Saint-Georges ,police OR Sûreté,9,Le Parisien,Villeneuve-Saint-Georges : une policière visée par des tags insultants,2021-06-17,16,https://www.leparisien.fr/val-de-marne-94/villeneuve-saint-georges-une-policiere-visee-par-des-tags-insultants-17-06-2021-6G37JOORSJCFVMVAKQD77OKUAE.php,2021-07-03 11:21:04
Saint-Georges ,police OR Sûreté,10,L'Éclaireur Progrès,Un accident fait un blessé à Sainte-Aurélie,2021-06-18,15,https://www.leclaireurprogres.ca/un-accident-fait-un-blesse-a-sainte-aurelie/,2021-07-03 11:21:05
Saint-Georges ,police OR Sûreté,11,La Nouvelle Union,Trafic de stupéfiants : trois personnes arrêtées,2021-06-03,30,https://www.lanouvelle.net/2021/06/03/trafic-de-stupefiants-trois-personnes-arretees/,2021-07-03 11:21:05
Saint-Georges ,police OR Sûreté,12,Coup d'Oeil,Plusieurs grands excès de vitesse sur les routes de la région,2021-06-28,5,https://www.coupdoeil.info/2021/06/28/plusieurs-grands-exces-de-vitesse-sur-les-routes-de-la-region-3/,2021-07-03 11:21:05
Saint-Georges ,police OR Sûreté,13,Sud Ouest,Disparition inquiétante à Saint-Georges-de-Didonne (17) : la police lance un appel à témoins,2021-06-06,27,https://www.sudouest.fr/charente-maritime/saint-georges-de-didonne/disparition-inquietante-a-saint-georges-de-didonne-17-la-police-lance-un-appel-a-temoins-3624379.php,2021-07-03 11:21:05
Saint-Georges ,police OR Sûreté,14,L'Éclaireur Progrès,Les policiers emménagent dans le nouveau poste de la SQ à Saint-Georges,2020-10-19,257,https://www.leclaireurprogres.ca/les-policiers-emmenagent-dans-le-nouveau-poste-de-la-sq-a-saint-georges/,2021-07-03 11:21:05
Saint-Georges ,police OR Sûreté,15,L'Éclaireur Progrès,Deux personnes blessées à la suite d'une collision entre une moto et un chevreuil,2021-06-20,13,https://www.leclaireurprogres.ca/deux-personnes-blessees-a-la-suite-dune-collision-entre-une-moto-et-un-chevreuil/,2021-07-03 11:21:06
Saint-Georges ,police OR Sûreté,16,actu.fr,Fermer le commissariat de Police de Flers : une réelle volonté politique ?,2021-06-04,29,https://actu.fr/normandie/flers_61169/fermer-le-commissariat-de-police-de-flers-une-reelle-volonte-politique_42355231.html,2021-07-03 11:21:06
Saint-Georges ,police OR Sûreté,17,EnBeauce.com,Deux arrestations pour conduite avec les capacités affaiblies dans Les Etchemins,2021-06-03,30,https://www.enbeauce.com/actualites/faits-divers/428151/deux-arrestations-pour-conduite-avec-les-capacites-affaiblies-dans-les-etchemins,2021-07-03 11:21:06
Saint-Georges ,police OR Sûreté,18,L'Éclaireur Progrès,Manifestation de Saint-Georges : bilan de la Sûreté du Québec,2021-04-18,76,https://www.leclaireurprogres.ca/manifestation-de-saint-georges-bilan-de-la-surete-du-quebec/,2021-07-03 11:21:06
Saint-Georges ,police OR Sûreté,19,ICI.Radio-Canada.ca,Un homme prend la fuite avec une voiture de la police de Lévis et blesse deux policiers,2021-03-22,103,https://ici.radio-canada.ca/nouvelle/1779140/vol-operation-police-surete-quebec-levis-saint-simon-les-mines,2021-07-03 11:21:06
Saint-Georges ,police OR Sûreté,20,EnBeauce.com,Sortie de route à Sainte-Rose-de-Watford,2021-06-23,10,https://www.enbeauce.com/actualites/faits-divers/430045/sortie-de-route-a-sainte-rose-de-watford,2021-07-03 11:21:06
Saint-Georges ,police OR Sûreté,21,L'Éclaireur Progrès,Le capitaine Daniel Desmarais prend sa retraite de la Sûreté du Québec,2021-03-15,110,https://www.leclaireurprogres.ca/104054-2/,2021-07-03 11:21:07
Saint-Georges ,police OR Sûreté,22,Le Journal de Montréal,Le père de l'auteur de l'attaque de London sous le choc et horrifié,2021-06-11,22,https://www.journaldemontreal.com/2021/06/11/le-pere-de-lauteur-de-lattaque-de-london-sous-le-choc-et-horrifie,2021-07-03 11:21:07
Saint-Georges ,police OR Sûreté,23,EnBeauce.com,Une escouade équestre en visite à Saint-Georges,2020-11-04,241,https://www.enbeauce.com/actualites/faits-divers/409185/une-escouade-equestre-en-visite-a-saint-georges,2021-07-03 11:21:07
Saint-Georges ,police OR Sûreté,24,L'Éclaireur Progrès,Le capitaine Guy Cliche devient directeur du centre de services de la SQ de Saint-Georges,2021-04-01,93,https://www.leclaireurprogres.ca/le-capitaine-guy-cliche-devient-directeur-du-centre-de-services-de-la-sq-de-saint-georges/,2021-07-03 11:21:07
Saint-Georges ,police OR Sûreté,25,Cool Fm,Guy Cliche sera le nouveau responsable du Centre de Services de la SQ à St-Georges,2021-03-29,96,http://www.coolfm.biz/nouvelle/5427-guy-cliche-sera-le-nouveau-responsable-du-centre-de-services-de-la-sq-a-st-georges,2021-07-03 11:21:07
Saint-Georges ,Cégep,1,L'Éclaireur Progrès,Le Cégep remet 9 500 $ en bourses,2021-06-16,17,https://www.leclaireurprogres.ca/le-cegep-remet-9-500-en-bourses/,2021-07-03 11:21:14
Saint-Georges ,Cégep,2,EnBeauce.com,Huit des Dragons de la Polyvalente de Saint-Georges poursuivront au collégial,2021-06-22,11,https://www.enbeauce.com/actualites/sports/429801/huit-des-dragons-de-la-polyvalente-de-saint-georges-poursuivront-au-collegial,2021-07-03 11:21:14
Saint-Georges ,Cégep,3,L'Éclaireur Progrès,Nouveaux spectacles d'humour à Saint-Georges,2021-06-08,25,https://www.leclaireurprogres.ca/nouveaux-spectacles-dhumour-a-saint-georges/,2021-07-03 11:21:14
Saint-Georges ,Cégep,4,Ouest-France,"Saint-Georges-de-Reintembault. Au collège, les élèves se sont initiés au slam",2021-07-02,1,https://www.ouest-france.fr/bretagne/saint-georges-de-reintembault-35420/au-college-les-eleves-se-sont-inities-au-slam-ed8707ef-9efc-4d02-8807-1dab6db58bc4,2021-07-03 11:21:15
Saint-Georges ,Cégep,5,L'Éclaireur Progrès,Dylan Champagne évoluera chez les Condors,2021-07-01,2,https://www.leclaireurprogres.ca/dylan-champagne-evoluera-chez-les-condors/,2021-07-03 11:21:15
Saint-Georges ,Cégep,6,RTBF,Canada : 182 tombes anonymes découvertes près du collège catholique St Eugene à Cranbrook,2021-06-30,3,https://www.rtbf.be/info/monde/amerique-du-nord/detail_canada-182-tombes-anonymes-decouvertes-pres-du-college-catholique-st-eugene-a-cranbrook?id=10795656,2021-07-03 11:21:15
Saint-Georges ,Cégep,7,L'Yonne Républicaine,Vidéo à caractère violent signalée au collège de Saint-Georges-sur-Baulche : la direction envoie une note aux parents,2021-06-09,24,https://www.lyonne.fr/auxerre-89000/actualites/video-a-caractere-violent-signalee-au-college-de-saint-georges-sur-baulche-la-direction-envoie-une-note-aux-parents_13964898/,2021-07-03 11:21:16
Saint-Georges ,Cégep,8,EnBeauce.com,Grève dans les cégeps: le mouvement lancé à Saint-Georges demain,2021-03-29,96,https://www.enbeauce.com/actualites/education/421629/greve-dans-les-cegeps-le-mouvement-lance-a-saint-georges-demain,2021-07-03 11:21:16
Saint-Georges ,Cégep,9,La Voix du Sud,Cégep Beauce-Appalaches: grève de trois jours pour de meilleures conditions chez les enseignants,2021-05-13,51,https://www.lavoixdusud.com/2021/05/13/cegep-beauce-appalaches-greve-de-trois-jours-pour-de-meilleures-conditions-chez-les-enseignants/,2021-07-03 11:21:16
Saint-Georges ,Cégep,10,L'Éclaireur Progrès,Deux nouveaux cas au campus de Saint-Georges du Cégep Beauce-Appalaches,2020-09-16,290,https://www.leclaireurprogres.ca/deux-nouveaux-cas-au-campus-de-saint-georges-du-cegep-beauce-appalaches/,2021-07-03 11:21:16
Saint-Georges ,Cégep,11,Beauce-Média,Cégep Beauce-Appalaches : le personnel de soutien en grève pendant trois jours,2021-05-25,39,https://www.beaucemedia.ca/2021/05/25/cegep-beauce-appalaches-le-personnel-de-soutien-en-greve-pendant-trois-jours/,2021-07-03 11:21:16
Saint-Georges ,Cégep,12,L'Éclaireur Progrès,Cégep Beauce-Appalaches : une rentrée en présentiel qui dépendra de la vaccination,2021-06-03,30,https://www.leclaireurprogres.ca/cegep-beauce-appalaches-une-rentree-en-presentiel-qui-dependra-de-la-vaccination/,2021-07-03 11:21:16
Saint-Georges ,Cégep,13,La Voix du Sud,Six étudiants du Cégep Beauce-Appalaches récipiendaires,2021-05-31,33,https://www.lavoixdusud.com/2021/05/31/six-etudiants-du-cegep-beauce-appalaches-recipiendaires/,2021-07-03 11:21:16
Saint-Georges ,Cégep,14,Beauce-Média,Le Cégep regorge de poètes en herbe,2021-01-12,172,https://www.beaucemedia.ca/2021/01/12/le-cegep-regorge-de-poetes-en-herbe/,2021-07-03 11:21:17
Saint-Georges ,Cégep,15,Beauce-Média,COVID-19 : le Cégep Beauce-Appalaches crée un fonds d'aide,2020-12-27,188,https://www.beaucemedia.ca/2020/12/27/covid-19-le-cegep-beauce-appalaches-cree-un-fonds-daide/,2021-07-03 11:21:17
Saint-Georges ,Cégep,16,L'Éclaireur Progrès,Cégep Beauce-Appalaches : première journée de grève chez les employés professionnels,2021-03-30,95,https://www.leclaireurprogres.ca/cegep-beauce-appalaches-premiere-journee-de-greve-chez-les-employes-professionnels/,2021-07-03 11:21:17
Saint-Georges ,Cégep,17,EnBeauce.com,Les enseignants grévistes du Cégep Beauce-Appalaches poursuivent leur piquetage,2021-05-12,52,https://www.enbeauce.com/actualites/education/426026/les-enseignants-grevistes-du-cegep-beauce-appalaches-poursuivent-leur-piquetage,2021-07-03 11:21:17
Saint-Georges ,Cégep,18,L'Éclaireur Progrès,Grève le 30 mars au Cégep Beauce-Appalaches,2021-03-19,106,https://www.leclaireurprogres.ca/greve-le-30-mars-au-cegep-beauce-appalaches/,2021-07-03 11:21:17
Saint-Georges ,Cégep,19,EnBeauce.com,Les enseignants du Cégep-Beauce Appalaches en grève pour trois jours,2021-05-11,53,https://www.enbeauce.com/actualites/education/425753/les-enseignants-du-cegep-beauce-appalaches-en-greve-pour-trois-jours,2021-07-03 11:21:17
Saint-Georges ,Cégep,20,actu.fr,Seine-et-Marne. Écologie et bonne humeur : le festival L'Abrifest débarque le 3 juillet !,2021-07-01,2,https://actu.fr/ile-de-france/villiers-saint-georges_77519/seine-et-marne-ecologie-et-bonne-humeur-le-festival-l-abrifest-debarque-le-3-juillet_43148128.html,2021-07-03 11:21:17
Saint-Georges ,Cégep,21,EnBeauce.com,Personnel de soutien: en grève aussi demain,2021-05-18,46,https://www.enbeauce.com/actualites/education/426560/personnel-de-soutien-en-greve-aussi-demain,2021-07-03 11:21:18
Saint-Georges ,Cégep,22,L'Éclaireur Progrès,Star Académie en tournée à Saint-Georges,2021-05-10,54,https://www.leclaireurprogres.ca/star-academie-en-tournee-a-saint-georges/,2021-07-03 11:21:18
Saint-Georges ,Cégep,23,ICI.Radio-Canada.ca,C'est parti pour le Festival REGARD 2021,2021-06-08,25,https://ici.radio-canada.ca/nouvelle/1799581/festival-regard-saguenay-25-ans,2021-07-03 11:21:18
Saint-Georges ,Cégep,24,ICI.Radio-Canada.ca,La santé publique ferme trois entreprises de Chaudière-Appalaches | Coronavirus,2021-04-12,82,https://ici.radio-canada.ca/nouvelle/1784152/fermeture-entreprises-construction-beauce-sante-publique-covid-19,2021-07-03 11:21:18
Saint-Georges ,Cégep,25,L'Éclaireur Progrès,Trois étudiants du Cégep Beauce-Appalaches obtiennent la Médaille académique du Gouverneur général,2020-12-23,192,https://www.leclaireurprogres.ca/trois-etudiants-du-cegep-beauce-appalaches-obtiennent-la-medaille-academique-du-gouverneur-general/,2021-07-03 11:21:19
Saint-Georges ,Centre de services scolaire OR Commission scolaire,1,Radio Gaspésie C J R G - FM,210 000$ pour une nouvelle cour d'école au village de Saint-George-de-Malbaie,2021-06-09,24,https://www.radiogaspesie.ca/nouvelles/actualite/210-000-pour-une-nouvelle-cour-decole-au-village-de-saint-george-de-malbaie/,2021-07-03 11:21:26
Saint-Georges ,Centre de services scolaire OR Commission scolaire,2,EnBeauce.com,COVID-19: 129 élèves en isolement à la Polyvalente Benoit-Vachon,2021-06-07,26,https://www.enbeauce.com/actualites/education/428378/covid-19-129-eleves-en-isolement-a-la-polyvalente-benoit-vachon,2021-07-03 11:21:26
Saint-Georges ,Centre de services scolaire OR Commission scolaire,3,NecrologieCanada,DENIS LAPLANTE 19612021,2021-07-02,1,https://necrocanada.com/deces-2021/denis-laplante-19612021/,2021-07-03 11:21:26
Saint-Georges ,Centre de services scolaire OR Commission scolaire,4,L'Éclaireur Progrès,Trois cas d'alcool au volant dans la MRC Beauce-Sartigan,2021-06-16,17,https://www.leclaireurprogres.ca/trois-cas-dalcool-au-volant-dans-la-mrc-beauce-sartigan/,2021-07-03 11:21:26
Saint-Georges ,Centre de services scolaire OR Commission scolaire,5,L'Éclaireur Progrès,"« Ce n'est pas parfait, mais nous allons dans la bonne direction »",2021-06-16,17,https://www.leclaireurprogres.ca/%E2%80%89ce-nest-pas-parfait-mais-nous-allons-dans-la-bonne-direction%E2%80%89/,2021-07-03 11:21:26
Saint-Georges ,Centre de services scolaire OR Commission scolaire,6,Le Journal de Québec,COVID-19: fermeture d'une soixantaine d'écoles en Beauce,2021-04-01,93,https://www.journaldequebec.com/2021/04/01/fermeture-dune-soixantaine-decoles-en-beauce,2021-07-03 11:21:27
Saint-Georges ,Centre de services scolaire OR Commission scolaire,7,Nice-Matin,"Prix de la cantine, colonie de vacances, tarifs... Tout ce qui va changer pour les enfants à Villeneuve-Loubet",2021-07-01,2,https://www.nicematin.com/jeunesse/prix-de-la-cantine-colonie-de-vacances-tarifs-tout-ce-qui-va-changer-pour-les-enfants-a-villeneuve-loubet-699177,2021-07-03 11:21:27
Saint-Georges ,Centre de services scolaire OR Commission scolaire,8,Le journal de Lévis,COVID-19 : toujours moins de 10 nouveaux cas découverts dans la région,2021-06-22,11,https://www.journaldelevis.com/1438/COVID-19.html?id=80938,2021-07-03 11:21:27
Saint-Georges ,Centre de services scolaire OR Commission scolaire,9,Beauce-Média,Première grève matinale chez les enseignants de la région,2021-04-14,80,https://www.beaucemedia.ca/2021/04/14/premiere-greve-matinale-chez-les-enseignants-de-la-region/,2021-07-03 11:21:27
Saint-Georges ,Centre de services scolaire OR Commission scolaire,10,L'Éclaireur Progrès,Échange de services entre le CSSBE et la Ville de Saint-Georges,2021-04-21,73,https://www.leclaireurprogres.ca/echange-de-services-entre-le-cssbe-et-la-ville-de-saint-georges/,2021-07-03 11:21:27
Saint-Georges ,Centre de services scolaire OR Commission scolaire,11,Beauce-Média,Autre grève « mystère » dans les écoles primaires et secondaires,2021-05-27,37,https://www.beaucemedia.ca/2021/05/27/autre-greve-mystere-dans-les-ecoles-primaires-et-secondaires/,2021-07-03 11:21:28
Saint-Georges ,Centre de services scolaire OR Commission scolaire,12,EnBeauce.com,Le personnel de soutien scolaire en grève demain,2021-05-03,61,https://www.enbeauce.com/actualites/education/424975/le-personnel-de-soutien-scolaire-en-greve-demain,2021-07-03 11:21:28
Saint-Georges ,Centre de services scolaire OR Commission scolaire,13,Cool Fm,Une autre grève mystère aura possiblement des répercussions sur des écoles de la Beauce le 9 juin,2021-05-25,39,http://www.coolfm.biz/nouvelle/5829-une-autre-greve-mystere-aura-possiblement-des-repercussions-sur-des-ecoles-de-la-beauce-le-9-juin,2021-07-03 11:21:28
Saint-Georges ,Centre de services scolaire OR Commission scolaire,14,Radio-Canada.ca,Un niveau record de mauvaise qualité de l'air dans une classe sans ventilation,2021-04-20,74,https://ici.radio-canada.ca/nouvelle/1786015/ecole-petit-chapiteau-montreal-tests-quebec,2021-07-03 11:21:28
Saint-Georges ,Centre de services scolaire OR Commission scolaire,15,Le Soleil - Groupe Capitales Médias,Situation toujours préoccupante en Beauce: beaucoup de cas dans les milieux scolaires,2021-04-19,75,https://www.lesoleil.com/actualite/covid-19/situation-toujours-preoccupante-en-beauce-beaucoup-de-cas-dans-les-milieux-scolaires-b6b213a3f50b4fce2242821e8fc1d3a2,2021-07-03 11:21:28
Saint-Georges ,Centre de services scolaire OR Commission scolaire,16,Journal Métro,Le nombre d'écoles touchées par la COVID-19 en hausse,2020-09-08,298,https://journalmetro.com/local/ahuntsic-cartierville/2511270/le-nombre-decoles-touchees-par-la-covid-19-en-hausse/,2021-07-03 11:21:29
Saint-Georges ,Centre de services scolaire OR Commission scolaire,17,L'Éclaireur Progrès,Deux cas de variants à l'École secondaire Veilleux,2021-03-15,110,https://www.leclaireurprogres.ca/deux-cas-de-variants-a-lecole-secondaire-veilleux/,2021-07-03 11:21:29
Saint-Georges ,Centre de services scolaire OR Commission scolaire,18,Le journal de Lévis,COVID-19 : une trentaine de nouveaux cas découverts dans la région,2021-06-04,29,https://www.journaldelevis.com/1298/%C3%80_la_une_aujourd_hui.html?id=80775,2021-07-03 11:21:29
Saint-Georges ,Centre de services scolaire OR Commission scolaire,19,Beauce-Média,COVID-19 : Les éclosions se multiplient dans les écoles,2020-12-03,212,https://www.beaucemedia.ca/2020/12/03/covid-19-les-eclosions-se-multiplient-dans-les-ecoles/,2021-07-03 11:21:29
Saint-Georges ,Centre de services scolaire OR Commission scolaire,20,ICI.Radio-Canada.ca,Des élèves manifestent en Beauce contre les consignes sanitaires | Coronavirus,2020-10-07,269,https://ici.radio-canada.ca/nouvelle/1739427/manifestation-masque-saint-georges-polyvalente,2021-07-03 11:21:29
Saint-Georges ,Centre de services scolaire OR Commission scolaire,21,ICI.Radio-Canada.ca,Recrutement et réaffectations au CSS des Chic-Chocs,2021-05-28,36,https://ici.radio-canada.ca/nouvelle/1796909/css-chic-chocs-gestionnaires-affichage-recrutement-interim,2021-07-03 11:21:29
Saint-Georges ,Centre de services scolaire OR Commission scolaire,22,Le journal de Lévis,Moins de cinq nouveaux cas de COVID découverts en Chaudière-Appalaches,2021-06-23,10,https://www.journaldelevis.com/1298/%C3%80_la_une_aujourd_hui.html?id=80957,2021-07-03 11:21:29
Saint-Georges ,Centre de services scolaire OR Commission scolaire,23,Le journal de Lévis,COVID-19 : retour à la normale en Chaudière-Appalaches,2021-06-18,15,https://www.journaldelevis.com/1298/%C3%80_la_une_aujourd_hui.html?id=80916,2021-07-03 11:21:30
Saint-Georges ,Centre de services scolaire OR Commission scolaire,24,ICI.Radio-Canada.ca,3 jours de vaccination sans rendez-vous à Saint-Georges | Coronavirus,2021-05-28,36,https://ici.radio-canada.ca/nouvelle/1796879/vaccination-beauce-chaudiere-appalaches-sans-rendez-vous-covid,2021-07-03 11:21:30
Saint-Georges ,Centre de services scolaire OR Commission scolaire,25,L'Éclaireur Progrès,Nouvelle cohorte de préposés aux bénéficiaires à Saint-Georges,2021-03-31,94,https://www.leclaireurprogres.ca/nouvelle-cohorte-de-preposes-aux-beneficiaires-a-saint-georges/,2021-07-03 11:21:30
Saint-Georges ,CISSS OR CIUSSS,1,Le Journal de Québec,Fermeture de l'unité COVID de l'Hôpital de Saint-Georges,2021-06-03,30,https://www.journaldequebec.com/2021/06/03/fermeture-de-lunite-covid-de-lhopital-de-saint-georges,2021-07-03 11:21:37
Saint-Georges ,CISSS OR CIUSSS,2,L'Éclaireur Progrès,COVID-19 : 34 nouveaux cas en Chaudière-Appalaches,2021-06-04,29,https://www.leclaireurprogres.ca/covid-19-34-nouveaux-cas-en-chaudiere-appalaches/,2021-07-03 11:21:37
Saint-Georges ,CISSS OR CIUSSS,3,Le Peuple Lotbinière,COVID-19 : une trentaine de nouveaux cas découverts dans la région,2021-06-04,29,https://www.lepeuplelotbiniere.ca/1298/%C3%80_la_une_aujourd_hui.html?id=93412,2021-07-03 11:21:37
Saint-Georges ,CISSS OR CIUSSS,4,Le journal de Lévis,COVID-19: la situation se maintient en Chaudière-Appalaches,2021-06-05,28,https://www.journaldelevis.com/1438/COVID-19.html?id=80779,2021-07-03 11:21:37
Saint-Georges ,CISSS OR CIUSSS,5,Le Soleil - Groupe Capitales Médias,L'Hôpital de Saint-Georges ferme son unité COVID,2021-06-03,30,https://www.lesoleil.com/actualite/la-capitale/lhopital-de-saint-georges-ferme-son-unite-covid-796c42e1bf7a05cb1d69f4666df648d5,2021-07-03 11:21:37
Saint-Georges ,CISSS OR CIUSSS,6,Le Peuple Lotbinière,COVID-19 : toujours moins de 10 nouveaux cas en Chaudière-Appalaches,2021-06-15,18,https://lepeuplelotbiniere.ca/1410/COVID-19.html?id=93445,2021-07-03 11:21:38
Saint-Georges ,CISSS OR CIUSSS,7,EnBeauce.com,Le CISSS de Chaudière-Appalaches veut contrer l'hésitation vaccinale,2021-06-23,10,https://www.enbeauce.com/actualites/societe/430039/le-cisss-de-chaudiere-appalaches-veut-contrer-lhesitation-vaccinale,2021-07-03 11:21:38
Saint-Georges ,CISSS OR CIUSSS,8,Ma Beauce,Climatisation dans les CHSLD : une préparation supérieure cette année assure le CISSS,2021-06-03,30,https://mabeauce.com/climatisation-dans-les-chsld-une-preparation-superieure-cette-annee-assure-le-cisss/,2021-07-03 11:21:38
Saint-Georges ,CISSS OR CIUSSS,9,EnBeauce.com,Un parc-hommage au personnel de la santé sera aménagé à l'Hôpital de Saint-Georges,2021-06-08,25,https://www.enbeauce.com/actualites/societe/428501/un-parc-hommage-au-personnel-de-la-sante-sera-amenage-a-lhopital-de-saint-georges,2021-07-03 11:21:38
Saint-Georges ,CISSS OR CIUSSS,10,Le Soleil - Groupe Capitales Médias,Davantage de sans rendez-vous pour le devancement des deuxièmes doses,2021-06-09,24,https://www.lesoleil.com/actualite/la-capitale/davantage-de-sans-rendez-vous-pour-le-devancement-des-deuxiemes-doses-96a7893c3f3369b45a949eeabaed57ad,2021-07-03 11:21:38
Saint-Georges ,CISSS OR CIUSSS,11,Le Peuple Lotbinière,COVID-19 : retour à la normale en Chaudière-Appalaches,2021-06-18,15,https://www.lepeuplelotbiniere.ca/1120/Soci%C3%A9t%C3%A9_.html?id=93460,2021-07-03 11:21:38
Saint-Georges ,CISSS OR CIUSSS,12,Le journal de Lévis,COVID-19 : toujours moins de 10 nouveaux cas découverts dans la région,2021-06-22,11,https://www.journaldelevis.com/1438/COVID-19.html?id=80938,2021-07-03 11:21:38
Saint-Georges ,CISSS OR CIUSSS,13,L'Hebdo du Saint-Maurice,Du bonheur pour les aînés distribué massivement,2021-07-01,2,https://www.lhebdodustmaurice.com/du-bonheur-pour-les-aines-distribue-massivement/,2021-07-03 11:21:39
Saint-Georges ,CISSS OR CIUSSS,14,EnBeauce.com,Première capsule vidéo des impacts de la COVID-19 sur les soins de santé,2021-06-04,29,https://www.enbeauce.com/actualites/publireportages-et-chroniques/428271/premiere-capsule-video-des-impacts-de-la-covid-19-sur-les-soins-de-sante,2021-07-03 11:21:39
Saint-Georges ,CISSS OR CIUSSS,15,Le Peuple Lotbinière,COVID-19 : 21 nouveaux cas et 1 décès supplémentaire en Chaudière-Appalaches,2021-06-09,24,https://www.lepeuplelotbiniere.ca/1120/Soci%C3%A9t%C3%A9_.html?id=93427,2021-07-03 11:21:39
Saint-Georges ,CISSS OR CIUSSS,16,Le Peuple Lotbinière,COVID-19 : moins de 10 nouveaux cas découverts en Chaudière-Appalaches,2021-06-14,19,https://www.lepeuplelotbiniere.ca/1120/Soci%C3%A9t%C3%A9_.html?id=93440,2021-07-03 11:21:39
Saint-Georges ,CISSS OR CIUSSS,17,EnBeauce.com,COVID-19: Le nombre de cas ne diminue pas en Chaudière-Appalaches,2021-06-05,28,https://www.enbeauce.com/actualites/societe/428346/covid-19-le-nombre-de-cas-ne-diminue-pas-en-chaudiere-appalaches,2021-07-03 11:21:39
Saint-Georges ,CISSS OR CIUSSS,18,EnBeauce.com,Des élèves ont remercié le personnel soignant de l'Hôpital de Saint-Georges,2021-06-16,17,https://www.enbeauce.com/actualites/societe/429364/des-eleves-ont-remercie-le-personnel-soignant-de-lhopital-de-saint-georges,2021-07-03 11:21:39
Saint-Georges ,CISSS OR CIUSSS,19,Le Peuple Lotbinière,Attention aux coups de chaleur,2021-06-07,26,https://www.lepeuplelotbiniere.ca/1092/Faits_divers.html?id=93416,2021-07-03 11:21:39
Saint-Georges ,CISSS OR CIUSSS,20,Radio-Canada.ca,Troisième vague : les hôpitaux de Chaudière-Appalaches près du point de bascule,2021-04-11,83,https://ici.radio-canada.ca/nouvelle/1783855/troisieme-vague-hopitaux-chaudiere-appalaches-point-de-bascule,2021-07-03 11:21:40
Saint-Georges ,CISSS OR CIUSSS,21,ICI.Radio-Canada.ca,Les trois quarts des Gaspésiens ont reçu une première dose de vaccin,2021-06-10,23,https://ici.radio-canada.ca/nouvelle/1800346/vaccination-gaspesie-succes-campagne-covid-jeunes-pourcentage,2021-07-03 11:21:40
Saint-Georges ,CISSS OR CIUSSS,22,L'Éclaireur Progrès,Actualités Une clinique de dépistage ouvre à Saint-Georges,2021-04-19,75,https://www.leclaireurprogres.ca/une-clinique-de-depistage-ouvre-a-saint-georges/,2021-07-03 11:21:40
Saint-Georges ,CISSS OR CIUSSS,23,ICI.Radio-Canada.ca,"Saint-Georges et Thetford Mines, « 2 régions chaudes » en Chaudière-Appalaches",2020-09-08,298,https://ici.radio-canada.ca/nouvelle/1732266/deux-premiers-cas-ecole-de-chaudiere-appalaches-covid-19,2021-07-03 11:21:40
Saint-Georges ,CISSS OR CIUSSS,24,Beauce-Média,Le CISSS de Chaudière-Appalaches se prépare à vacciner les citoyens,2021-01-22,162,https://www.beaucemedia.ca/2021/01/22/le-cisss-de-chaudiere-appalaches-se-prepare-a-vacciner-les-citoyens/,2021-07-03 11:21:40
Saint-Georges ,CISSS OR CIUSSS,25,L'Éclaireur Progrès,COVID-19: deux autres décès au CHSLD L'Assomption à Saint-Georges,2021-04-25,69,https://www.leclaireurprogres.ca/covid-19-deux-autres-deces-au-chsld-lassomption-a-saint-georges/,2021-07-03 11:21:40
Saint-Georges ,maire OR mairesse,1,Le Journal de Montréal,Le maire de Saint-Lambert poursuivi pour 500 000$,2021-07-03,0,https://www.journaldemontreal.com/2021/07/03/le-maire-de-saint-lambert-poursuivi-pour-500000,2021-07-03 11:21:47
Saint-Georges ,maire OR mairesse,2,L'Éclaireur Progrès,Saint-Georges prévoit faciliter l'accès aux stations-services pour les VTT,2021-07-02,1,https://www.leclaireurprogres.ca/saint-georges-prevoit-faciliter-lacces-aux-stations-services-pour-les-vtt/,2021-07-03 11:21:48
Saint-Georges ,maire OR mairesse,3,L'Éclaireur Progrès,Saint-Georges : le maire et la majorité des conseillers brigueront un nouveau mandat,2021-06-15,18,https://www.leclaireurprogres.ca/saint-georges-le-maire-et-la-majorite-des-conseillers-brigueront-un-nouveau-mandat/,2021-07-03 11:21:48
Saint-Georges ,maire OR mairesse,4,Plume Libre Montcalm,"Georges Locas, candidat au poste de maire",2021-06-30,3,"https://plumelibre.ca/index.php/toutes-les-municipalites/georges-locas,-candidat-au-poste-de-maire",2021-07-03 11:21:48
Saint-Georges ,maire OR mairesse,5,EnBeauce.com,Mise en service de bornes de recharge rapide au IGA extra de Saint-Georges,2021-06-30,3,https://www.enbeauce.com/actualites/environnement/430568/mise-en-service-de-bornes-de-recharge-rapide-au-iga-extra-de-saint-georges,2021-07-03 11:21:48
Saint-Georges ,maire OR mairesse,6,actu.fr,"Près de Flers, le stade de Saint-Georges-des-Groseillers porte le nom d'une personnalité locale",2021-06-29,4,https://actu.fr/normandie/saint-georges-des-groseillers_61391/pres-de-flers-le-stade-de-saint-georges-des-groseillers-porte-le-nom-d-une-personnalite-locale_42993864.html,2021-07-03 11:21:48
Saint-Georges ,maire OR mairesse,7,Le Progrès,Saint-Georges-de-Reneins | Caserne des pompiers : le maire ne veut pas abandonner le projet de construction sur sa commune,2021-06-29,4,https://www.leprogres.fr/politique/2021/06/29/caserne-des-pompiers-le-maire-ne-veut-pas-abandonner-le-projet-de-construction-sur-sa-commune,2021-07-03 11:21:49
Saint-Georges ,maire OR mairesse,8,Ouest-France,Saint-Georges-sur-Loire. Les rendez-vous de l'été dans les villages,2021-07-03,0,https://www.ouest-france.fr/pays-de-la-loire/saint-georges-sur-loire-49170/les-rendez-vous-de-lete-dans-les-villages-e0cf10f8-c023-4a8b-aff4-ceeeca74604b,2021-07-03 11:21:49
Saint-Georges ,maire OR mairesse,9,La Voix du Nord,"Saint-Georges-sur-l'Aa: dans un état stable, le maire devrait être opéré",2021-06-14,19,https://www.lavoixdunord.fr/1026925/article/2021-06-14/saint-georges-sur-l-aa-le-maire-transporte-au-chd-dans-un-etat-grave-apres-une,2021-07-03 11:21:49
Saint-Georges ,maire OR mairesse,10,Ma Beauce,Saint-Georges : la carrière de Claude Poulin honoré par l'ADGMQ,2021-06-14,19,https://mabeauce.com/saint-georges-la-carriere-de-claude-poulin-honore-par-ladgmq/,2021-07-03 11:21:49
Saint-Georges ,maire OR mairesse,11,Le Parisien,Villeneuve-Saint-Georges : les forains en colère après le déménagement du marché,2021-06-30,3,https://www.leparisien.fr/val-de-marne-94/villeneuve-saint-georges-les-forains-en-colere-apres-le-demenagement-du-marche-30-06-2021-HYNTZ7DFKZEY5II5B6YGWTXXSM.php,2021-07-03 11:21:49
Saint-Georges ,maire OR mairesse,12,actu.fr,"Villeneuve-Saint-Georges. Avant l'académie, des stages de boxe avec Christophe Tiozzo",2021-06-30,3,https://actu.fr/ile-de-france/villeneuve-saint-georges_94078/villeneuve-saint-georges-avant-l-academie-des-stages-de-boxe-avec-christophe-tiozzo_43108520.html,2021-07-03 11:21:50
Saint-Georges ,maire OR mairesse,13,L'Eveil de Pont-Audemer,"Près de Pont-Audemer, les élus de la vallée de la Risle veulent contrôler les camions",2021-07-01,2,https://actu.fr/normandie/montfort-sur-risle_27413/pres-de-pont-audemer-les-elus-de-la-vallee-de-la-risle-veulent-controler-les-camions_43121347.html,2021-07-03 11:21:50
Saint-Georges ,maire OR mairesse,14,Le Journal de Montréal,"PLOUFFE, Normand",2021-06-30,3,https://www.journaldemontreal.com/2021/06/30/073644e8fa/plouffe-normand,2021-07-03 11:21:50
Saint-Georges ,maire OR mairesse,15,L'Hebdo Journal,Sur les traces de l'incendie de 1908,2021-07-01,2,https://www.lhebdojournal.com/sur-les-traces-de-lincendie-de-1908/,2021-07-03 11:21:50
Saint-Georges ,maire OR mairesse,16,Ouest-France,Saint-Georges-de-Rex. Termites et parcours trail au menu,2021-07-02,1,https://www.ouest-france.fr/nouvelle-aquitaine/saint-georges-de-rex-79210/termites-et-parcours-trail-au-menu-adc1ed9e-51bc-4d1b-8621-3ab95bdde1e7,2021-07-03 11:21:50
Saint-Georges ,maire OR mairesse,17,Sud Ouest,"À Saint-Georges-de-Didonne, le maire défend le plan local d’urbanisme adopté en mars",2021-06-10,23,https://www.sudouest.fr/charente-maritime/royan/a-saint-georges-de-didonne-le-maire-defend-le-plan-local-d-urbanisme-adopte-en-mars-3701163.php,2021-07-03 11:21:50
Saint-Georges ,maire OR mairesse,18,Sud Ouest,"À Saint-Georges-de-Didonne, le maire veut des assurances sur la sécurité de l’accrobranche",2021-06-17,16,https://www.sudouest.fr/charente-maritime/saint-georges-de-didonne/a-saint-georges-de-didonne-le-maire-veut-des-assurances-sur-la-securite-de-l-accrobranche-3776997.php,2021-07-03 11:21:51
Saint-Georges ,maire OR mairesse,19,Cool Fm,Les vaches de la Beauce ne font pas bon ménage avec les F18,2021-06-17,16,http://www.coolfm.biz/nouvelle/5994-les-vaches-de-la-beauce-ne-font-pas-bon-menage-avec-les-f18,2021-07-03 11:21:51
Saint-Georges ,maire OR mairesse,20,Echo Républicain,Casser la vitesse dans le hameau de Dolmont,2021-07-01,2,https://www.lechorepublicain.fr/saint-georges-sur-eure-28190/actualites/casser-la-vitesse-dans-le-hameau-de-dolmont_13977155/,2021-07-03 11:21:51
Saint-Georges ,maire OR mairesse,21,Le Courrier Indépendant,Projet éolien de la vallée du Larhon : est-il accepté à Saint-Barnabé ?,2021-07-03,0,https://actu.fr/bretagne/saint-barnabe_22275/projet-du-larhon-vent-de-colere-sur-les-eoliennes_43094233.html,2021-07-03 11:21:51
Saint-Georges ,maire OR mairesse,22,EnBeauce.com,Saint-Victor souligne l'oeuvre de Normand DeLessard,2021-06-11,22,https://www.enbeauce.com/actualites/societe/428873/saint-victor-souligne-loeuvre-de-normand-delessard,2021-07-03 11:21:52
Saint-Georges ,maire OR mairesse,23,La Presse,Arts martiaux mixtes | Georges St-Pierre immortalisé dans son patelin,2021-06-09,24,https://www.lapresse.ca/sports/sports-de-combat/2021-06-09/arts-martiaux-mixtes/georges-st-pierre-immortalise-dans-son-patelin.php,2021-07-03 11:21:52
Saint-Georges ,maire OR mairesse,24,Le Journal de Montréal,Le Bas-Saint-Laurent est de plus en plus prisé par les jeunes familles,2021-06-22,11,https://www.journaldemontreal.com/2021/06/22/le-bas-saint-laurent-est-de-plus-en-plus-prise-par-les-jeunes-familles,2021-07-03 11:21:52
Saint-Georges ,maire OR mairesse,25,ICI.Radio-Canada.ca,Le maire de Saint-Georges en Beauce se fait vacciner | Coronavirus,2021-04-01,93,https://ici.radio-canada.ca/nouvelle/1781475/vaccination-covid19-claude-morin-beauce,2021-07-03 11:21:52
Saint-Georges ,candidat,1,Plume Libre Montcalm,"Georges Locas, candidat au poste de maire",2021-06-30,3,"https://plumelibre.ca/index.php/toutes-les-municipalites/georges-locas,-candidat-au-poste-de-maire",2021-07-03 11:21:59
Saint-Georges ,candidat,2,Le Progrès,Saint-Georges-de-Reneins | Professions de foi des élections : une habitante a reçu les enveloppes pour tous ses voisins !,2021-07-03,0,https://www.leprogres.fr/politique/2021/07/03/professions-de-foi-des-elections-une-habitante-a-recu-les-enveloppes-pour-tous-ses-voisins,2021-07-03 11:21:59
Saint-Georges ,candidat,3,L'Éclaireur Progrès,Saint-Georges : le maire et la majorité des conseillers brigueront un nouveau mandat,2021-06-15,18,https://www.leclaireurprogres.ca/saint-georges-le-maire-et-la-majorite-des-conseillers-brigueront-un-nouveau-mandat/,2021-07-03 11:21:59
Saint-Georges ,candidat,4,Le journal de Lévis,Lévis Force 10 dévoile son équipe,2021-06-04,29,https://www.journaldelevis.com/1067/Politique_.html?id=80776,2021-07-03 11:22:00
Saint-Georges ,candidat,5,Le Progrès,"Loire | Conseil départemental : seul candidat, Georges Ziegler réélu à la présidence",2021-07-01,2,https://www.leprogres.fr/politique/2021/07/01/conseil-departemental-seul-candidat-georges-ziegler-reelu-a-la-presidence,2021-07-03 11:22:00
Saint-Georges ,candidat,6,la Nouvelle République,Départementales en Loir-et-Cher : découvrez les résultats du second tour,2021-06-27,6,https://www.lanouvellerepublique.fr/blois/departementales-en-loir-et-cher-decouvrez-les-premiers-resultats-du-second-tour,2021-07-03 11:22:00
Saint-Georges ,candidat,7,EnBeauce.com,Gagne ta signature beauté : jusqu'à demain pour envoyer une candidature,2021-06-12,21,https://www.enbeauce.com/actualites/publireportages-et-chroniques/429024/gagne-ta-signature-beaute-jusqua-demain-pour-envoyer-une-candidature,2021-07-03 11:22:00
Saint-Georges ,candidat,8,La Montagne,Départementales : Claude Bonnefoy et Martine Meunier candidats du RN sur le canton de Saint-Georges-de-Mons (Puy-de-Dôme),2021-06-16,17,https://www.lamontagne.fr/saint-georges-de-mons-63780/actualites/departementales-claude-bonnefoy-et-martine-meunier-candidats-du-rn-sur-le-canton-de-saint-georges-de-mons-puy-de-dome_13968647/,2021-07-03 11:22:00
Saint-Georges ,candidat,9,Le Droit - Groupe Capitales Médias,Course à la mairie de Gatineau: un quatrième candidat en lice,2021-06-23,10,https://www.ledroit.com/actualites/gatineau/course-a-la-mairie-de-gatineau-un-quatrieme-candidat-en-lice-2e32f4f76b6f9d6481f65d7cfc2d9aa3,2021-07-03 11:22:00
Saint-Georges ,candidat,10,Le Parisien,"Élections départementales dans le Val-de-Marne : la droite déboulonne les communistes, les résultats canton par canton",2021-06-28,5,https://www.leparisien.fr/val-de-marne-94/elections-departementales-dans-le-val-de-marne-candidats-resultats-tout-savoir-pour-suivre-le-second-tour-27-06-2021-FAHBQXJOTNGFXCPBUQOUDCVTE4.php,2021-07-03 11:22:01
Saint-Georges ,candidat,11,La Montagne,Départementales : Grégory Bonnet et Clémentine Raineau candidats de la gauche sur le canton de Saint-Georges-de-Mons (Puy-de-Dôme),2021-06-10,23,https://www.lamontagne.fr/saint-georges-de-mons-63780/actualites/departementales-gregory-bonnet-et-clementine-raineau-candidats-de-la-gauche-sur-le-canton-de-saint-georges-de-mons-puy-de-dome_13964818/,2021-07-03 11:22:01
Saint-Georges ,candidat,12,94 Citoyens,Départementales Val-de-Marne 2ème tour: candidats et mode d'emploi,2021-06-25,8,"https://94.citoyens.com/2021/departementales-val-de-marne-2eme-tour-candidats-et-mode-demploi,25-06-2021.html",2021-07-03 11:22:01
Saint-Georges ,candidat,13,ICI.Radio-Canada.ca,Des premières questions du public à saveur électorale à l'arrondissement de Chicoutimi,2021-06-17,16,https://ici.radio-canada.ca/nouvelle/1801879/arrondissement-chicoutimi-questions-public-elections,2021-07-03 11:22:01
Saint-Georges ,candidat,14,La Montagne,Départementales : Corinne Parant et Julien Perrin candidats divers droite sur le canton de Saint-Georges-de-Mons (Puy-de-Dôme),2021-06-09,24,https://www.lamontagne.fr/saint-georges-de-mons-63780/actualites/departementales-corinne-parant-et-julien-perrin-candidats-divers-droite-sur-le-canton-de-saint-georges-de-mons-puy-de-dome_13960316/,2021-07-03 11:22:01
Saint-Georges ,candidat,15,actu.fr,Domino Challenge : trois candidats de l'Oise participent à la nouvelle émission de M6,2021-06-24,9,https://actu.fr/hauts-de-france/ully-saint-georges_60651/domino-challenge-trois-candidats-de-l-oise-participent-a-la-nouvelle-emission-de-m6_42946594.html,2021-07-03 11:22:01
Saint-Georges ,candidat,16,actu.fr,Départementales 2021 dans le Val-de-Marne : une candidate soupçonne des fraudes et porte plainte,2021-06-24,9,https://actu.fr/ile-de-france/choisy-le-roi_94022/departementales-2021-dans-le-val-de-marne-une-candidate-soupconne-des-fraudes-et-porte-plainte_42919884.html,2021-07-03 11:22:02
Saint-Georges ,candidat,17,actu.fr,"Val-de-Marne. A Villeneuve-Saint-Georges, les grévistes de Signify maintiennent la lutte",2021-06-11,22,https://actu.fr/ile-de-france/villeneuve-saint-georges_94078/val-de-marne-signify-villeneuve-saint-georges-maintiennent-la-lutte_42579384.html,2021-07-03 11:22:02
Saint-Georges ,candidat,18,France 3 Régions,"Elections départementales 2021 : en Isère, quels enjeux et qui sont les candidats dans votre canton ?",2021-06-16,17,https://france3-regions.francetvinfo.fr/auvergne-rhone-alpes/isere/elections-departementales-2021-en-isere-quels-enjeux-et-qui-sont-les-candidats-dans-votre-canton-2115841.html,2021-07-03 11:22:02
Saint-Georges ,candidat,19,L'Éclaireur Progrès,Le corps de cadets 619 récompense ses membres,2021-06-06,27,https://www.leclaireurprogres.ca/le-corps-de-cadets-619-recompense-ses-membres/,2021-07-03 11:22:02
Saint-Georges ,candidat,20,actu.fr,Elections départementales 2021 : les résultats dans le Val-de-Marne,2021-06-20,13,https://actu.fr/politique/elections-departementales/direct-suivez-le-premier-tour-des-departementales-dans-le-val-de-marne_42784633.html,2021-07-03 11:22:02
Saint-Georges ,candidat,21,France 3 Régions,Départementales 2021 en Côte-d'Or : découvrez qui sont les candidats au second tour dans votre canton,2021-06-23,10,https://france3-regions.francetvinfo.fr/bourgogne-franche-comte/departementales-2021-en-cote-d-or-decouvrez-qui-sont-les-candidats-au-second-tour-dans-votre-canton-2149150.html,2021-07-03 11:22:03
Saint-Georges ,candidat,22,94 Citoyens,Départementales en Val-de-Marne: 9 cantons à veiller comme du lait sur le feu,2021-06-17,16,"https://94.citoyens.com/2021/departementales-en-val-de-marne-9-cantons-a-veiller-comme-du-lait-sur-le-feu,17-06-2021.html",2021-07-03 11:22:03
Saint-Georges ,candidat,23,Le Parisien,"Entre Bussy-Saint-Georges, Meaux et Roissy-en-Brie : couacs en série pour le Grand Oral du bac",2021-06-21,12,https://www.leparisien.fr/seine-et-marne-77/entre-bussy-saint-georges-meaux-et-roissy-en-brie-couacs-en-serie-pour-le-grand-oral-du-bac-21-06-2021-NIDPSV62WJACDMGRKCGH5YA364.php,2021-07-03 11:22:03
Saint-Georges ,candidat,24,EnBeauce.com,Gagne ta signature beauté : l'équivalent de 5 500 $ pour prendre soin de soi,2021-06-06,27,https://www.enbeauce.com/actualites/publireportages-et-chroniques/428154/gagne-ta-signature-beaute-lequivalent-de-5-500-$-pour-prendre-soin-de-soi,2021-07-03 11:22:03
Saint-Georges ,candidat,25,France 3 Régions,Départementales 2021 dans l'Yonne : découvrez qui sont les candidats au second tour dans votre canton,2021-06-23,10,https://france3-regions.francetvinfo.fr/bourgogne-franche-comte/departementales-2021-dans-l-yonne-decouvrez-qui-sont-les-candidats-au-second-tour-dans-votre-canton-2149861.html,2021-07-03 11:22:04
Saint-Georges ,préfet,1,Actu Seine-Saint-Denis,"Qui est Jacques Witkowski, le nouveau préfet de Seine-Saint-Denis ?",2021-06-30,3,https://actu.fr/ile-de-france/bobigny_93008/qui-est-jacques-witkowski-le-nouveau-prefet-de-seine-saint-denis_43109798.html,2021-07-03 11:22:11
Saint-Georges ,préfet,2,Le Bonhomme Picard,Hauts-de-France : Un nouveau préfet pour la région,2021-07-01,2,https://www.lebonhommepicard.fr/2021/07/01/hauts-de-france-un-nouveau-prefet-pour-la-region/,2021-07-03 11:22:11
Saint-Georges ,préfet,3,Le Parisien,Tags insultants et menaçants contre une policière à Villeneuve-Saint-Georges : deux mineurs arrêtés,2021-07-02,1,https://www.leparisien.fr/val-de-marne-94/tags-insultants-et-menacants-contre-une-policiere-a-villeneuve-saint-georges-deux-mineurs-arretes-02-07-2021-DTZORG7PUNHUTE7UY6CSTMZSYU.php,2021-07-03 11:22:11
Saint-Georges ,préfet,4,Ouest-France,"Rhône. Un couple décède dans un accident qui fait trois morts sur l’A6, son bébé blessé",2021-07-01,2,https://www.ouest-france.fr/faits-divers/accidents/rhone-trois-morts-et-un-bebe-blesse-dans-un-accident-sur-l-a6-8bdaf816-da3b-11eb-a1ee-2b9888892cf0,2021-07-03 11:22:11
Saint-Georges ,préfet,5,Ouest-France,Saint-Georges-de-Rex. Termites et parcours trail au menu,2021-07-02,1,https://www.ouest-france.fr/nouvelle-aquitaine/saint-georges-de-rex-79210/termites-et-parcours-trail-au-menu-adc1ed9e-51bc-4d1b-8621-3ab95bdde1e7,2021-07-03 11:22:11
Saint-Georges ,préfet,6,EnBeauce.com,Saint-Victor souligne l'oeuvre de Normand DeLessard,2021-06-11,22,https://www.enbeauce.com/actualites/societe/428873/saint-victor-souligne-loeuvre-de-normand-delessard,2021-07-03 11:22:12
Saint-Georges ,préfet,7,Le Courrier Indépendant,Projet éolien de la vallée du Larhon : est-il accepté à Saint-Barnabé ?,2021-07-03,0,https://actu.fr/bretagne/saint-barnabe_22275/projet-du-larhon-vent-de-colere-sur-les-eoliennes_43094233.html,2021-07-03 11:22:12
Saint-Georges ,préfet,8,CNEWS,Val-de-Marne : une policière visée par des tags «d’une violence inouïe»,2021-06-18,15,https://www.cnews.fr/france/2021-06-18/val-de-marne-une-policiere-visee-par-des-tags-dune-violence-inouie-1095440,2021-07-03 11:22:12
Saint-Georges ,préfet,9,Le Dauphiné Libéré,Saint-Georges-d’Espéranche | Isère : cinq clandestins découverts dans une remorque,2021-06-24,9,https://www.ledauphine.com/faits-divers-justice/2021/06/24/isere-saint-georges-d-esperanche-cinq-clandestins-decouverts-dans-une-remorque,2021-07-03 11:22:12
Saint-Georges ,préfet,10,Echo Républicain,Jean Moulin reste dans les mémoires,2021-06-19,14,https://www.lechorepublicain.fr/saint-georges-sur-eure-28190/actualites/jean-moulin-reste-dans-les-memoires_13970479/,2021-07-03 11:22:12
Saint-Georges ,préfet,11,Le Phare dunkerquois,Crise : Dunkerquois : la préfecture ferme les aires de repos pour empêcher les migrants de monter dans les,2021-06-30,3,https://www.lepharedunkerquois.fr/119396/article/2021-06-30/dunkerquois-la-prefecture-ferme-les-aires-de-repos-pour-empecher-les-migrants-de,2021-07-03 11:22:13
Saint-Georges ,préfet,12,FranceGuyane.fr,"Saint-Georges, la bonne élève - Abonnement",2021-06-22,11,https://www.franceguyane.fr/actualite/sante/coronavirus/saint-georges-la-bonne-eleve-485239.php,2021-07-03 11:22:13
Saint-Georges ,préfet,13,Le Parisien,"A Villeneuve-le-Roi, l’Etat met fin aux procurations de vote par la police nationale",2021-06-09,24,https://www.leparisien.fr/val-de-marne-94/a-villeneuve-le-roi-letat-met-fin-aux-procurations-de-vote-par-la-police-nationale-09-06-2021-KAYPPXVTSZHNBOO26E4NURIMCQ.php,2021-07-03 11:22:13
Saint-Georges ,préfet,14,FranceGuyane.fr,Les douanes dans le dispositif Harpie - Toute l'actualité des faits de société en Guyane,2021-06-30,3,https://www.franceguyane.fr/actualite/societe-social-emploi/les-douanes-dans-le-dispositif-harpie-485727.php,2021-07-03 11:22:13
Saint-Georges ,préfet,15,CIMT-CHAU,Élections municipales : Changement de garde à prévoir au Kamouraska,2021-06-04,29,https://cimtchau.ca/nouvelles/elections-municipales-changement-de-garde-a-prevoir-au-kamouraska/,2021-07-03 11:22:14
Saint-Georges ,préfet,16,Radio-Canada.ca,"COVID-19 : la Beauce a été laissée pour compte, selon des maires | Coronavirus",2021-04-24,70,https://ici.radio-canada.ca/nouvelle/1787641/beauce-manque-ressources-depistage-manque-ecoute-gouvernement,2021-07-03 11:22:14
Saint-Georges ,préfet,17,Courrier Frontenac,Mesures spéciales d'urgence : déception dans la MRC des Appalaches,2021-04-13,81,https://www.courrierfrontenac.qc.ca/2021/04/13/mesures-speciales-durgence-deception-dans-la-mrc-des-appalaches/,2021-07-03 11:22:14
Saint-Georges ,préfet,18,actu.fr,En Mayenne : utilisation de l'eau limitée sur le sud-est Mayennais,2021-06-21,12,https://actu.fr/pays-de-la-loire/laval_53130/en-mayenne-utilisation-de-l-eau-limitee-sur-le-sud-est-mayennais_42819295.html,2021-07-03 11:22:14
Saint-Georges ,préfet,19,Le Progrès,Saint-Georges-de-Reneins | Félicitations à Anne-Charlotte et Aymeric,2021-06-19,14,https://www.leprogres.fr/societe/2021/06/19/felicitations-a-anne-charlotte-et-aymeric,2021-07-03 11:22:14
Saint-Georges ,préfet,20,actu.fr,Elections départementales 2021 : les résultats dans le Val-de-Marne,2021-06-20,13,https://actu.fr/politique/elections-departementales/direct-suivez-le-premier-tour-des-departementales-dans-le-val-de-marne_42784633.html,2021-07-03 11:22:15
Saint-Georges ,préfet,21,FranceGuyane.fr,"Élections CTG : 42,45% de taux de participation à 17h - Élections de la collectivité territoriale de Guyane 2021",2021-06-27,6,https://www.franceguyane.fr/actualite/politique/elections-de-la-ctg-2021/elections-ctg-42-45-de-taux-de-participation-a-17h-485494.php,2021-07-03 11:22:15
Saint-Georges ,préfet,22,Info-tours.fr,Tout ce qu'il faut savoir avant l'étape du Tour de France en Touraine,2021-06-30,3,https://www.info-tours.fr/articles/tours/2021/06/30/15225/tout-ce-qu-il-faut-savoir-avant-l-etape-du-tour-de-france-en-touraine/,2021-07-03 11:22:15
Saint-Georges ,préfet,23,EnBeauce.com,Le préfet de la MRC Nouvelle-Beauce adresse son soutien aux citoyens,2021-02-21,132,https://www.enbeauce.com/actualites/municipal/418415/le-prefet-de-la-mrc-nouvelle-beauce-adresse-son-soutien-aux-citoyens,2021-07-03 11:22:15
Saint-Georges ,préfet,24,FranceGuyane.fr,"Élections CTG : A midi le taux de participation s'élève à 20, 72 % - Élections de la collectivité territoriale de Guyane 2021",2021-06-27,6,https://www.franceguyane.fr/actualite/politique/elections-de-la-ctg-2021/elections-ctg-a-midi-le-taux-de-participation-s-eleve-a-20-72-485494.php,2021-07-03 11:22:15
Saint-Georges ,préfet,25,Outre-mer la 1ère,Elections territoriales 2021 : ce qu’il faut savoir - Guyane la 1ère,2021-06-26,7,https://la1ere.francetvinfo.fr/guyane/elections-territoriales-2021-ce-qu-il-faut-savoir-1045174.html,2021-07-03 11:22:16
Saint-Georges ,travaux routiers,1,Plume Libre Montcalm,"Travaux de remplacement d'un ponceau: Fermeture complète de la route 341, à Saint-Jacques",2021-07-03,0,"https://plumelibre.ca/index.php/toutes-les-municipalites/travaux-de-remplacement-d%E2%80%99un-ponceau-fermeture-compl%C3%A8te-de-la-route-341,-%C3%A0-saint-jacques",2021-07-03 11:22:23
Saint-Georges ,travaux routiers,2,L'Éclaireur Progrès,Travaux routiers : quatre chantiers prévus à Saint-Georges cette semaine,2021-05-11,53,https://www.leclaireurprogres.ca/travaux-routiers-quatre-chantiers-prevus-a-saint-georges-cette-semaine/,2021-07-03 11:22:23
Saint-Georges ,travaux routiers,3,Ouest-France,Saint-Georges-sur-Layon. La traversée du bourg en travaux,2021-06-18,15,https://www.ouest-france.fr/pays-de-la-loire/saint-georges-sur-layon-49700/saint-georges-sur-layon-la-traversee-du-bourg-en-travaux-bfb3a4d0-d045-11eb-b4c9-2198f18166ab,2021-07-03 11:22:23
Saint-Georges ,travaux routiers,4,L'Express - Drummondville,Important chantier sur la rue Saint-Georges dès mai - L'Express,2021-04-15,79,https://www.journalexpress.ca/2021/04/15/important-chantier-sur-la-rue-saint-georges-des-mai/,2021-07-03 11:22:23
Saint-Georges ,travaux routiers,5,EnBeauce.com,16 projets de travaux routiers dans Beauce-Sud,2021-04-16,78,https://www.enbeauce.com/actualites/travaux-et-circulation/423348/16-projets-de-travaux-routiers-dans-beauce-sud,2021-07-03 11:22:23
Saint-Georges ,travaux routiers,6,The Conversation FR,Rencontres au sommet de la forêt tropicale en Guyane,2021-06-14,19,https://theconversation.com/rencontres-au-sommet-de-la-foret-tropicale-en-guyane-160293,2021-07-03 11:22:23
Saint-Georges ,travaux routiers,7,Gaspésie Nouvelles,Près de 175 M$ dans le réseau routier et 137 M$ dans le rail,2021-04-21,73,https://www.gaspesienouvelles.com/article/2021/04/21/pres-de-175-m-dans-le-reseau-routier-et-137-m-dans-le-rail,2021-07-03 11:22:23
Saint-Georges ,travaux routiers,8,EnBeauce.com,"L'autoroute 73 sera prolongée de 7,5 km à Saint-Georges",2020-12-14,201,https://www.enbeauce.com/actualites/travaux-et-circulation/412946/lautoroute-73-sera-prolongee-de-75-km-a-saint-georges,2021-07-03 11:22:24
Saint-Georges ,travaux routiers,9,EnBeauce.com,Circulation perturbée dans la 118e rue à Saint-Georges,2021-05-27,37,https://www.enbeauce.com/actualites/travaux-et-circulation/427509/circulation-perturbee-dans-la-118e-rue-a-saint-georges,2021-07-03 11:22:24
Saint-Georges ,travaux routiers,10,Le Courrier du Sud,Près de 15 chantiers prévus dans la région par le MTQ d'ici 2023,2021-04-16,78,https://www.lecourrierdusud.ca/pres-de-15-chantiers-prevus-dans-la-region-par-le-mtq-dici-2023/,2021-07-03 11:22:24
Saint-Georges ,travaux routiers,11,EnBeauce.com,Travaux de réfection routière à Saint-Georges,2021-05-19,45,https://www.enbeauce.com/actualites/travaux-et-circulation/426687/travaux-de-refection-routiere-a-saint-georges,2021-07-03 11:22:24
Saint-Georges ,travaux routiers,12,EnBeauce.com,Fin des travaux routiers dans plusieurs municipalités de Beauce-Sud,2020-11-23,222,https://www.enbeauce.com/actualites/travaux-et-circulation/411041/fin-des-travaux-routiers-dans-plusieurs-municipalites-de-beauce-sud,2021-07-03 11:22:24
Saint-Georges ,travaux routiers,13,Coup d'Oeil,2021-2023: plusieurs chantiers routiers à venir dans la région,2021-05-25,39,https://www.coupdoeil.info/2021/05/25/2021-2023-plusieurs-chantiers-routiers-a-venir-dans-la-region/,2021-07-03 11:22:24
Saint-Georges ,travaux routiers,14,EnBeauce.com,Début de travaux routiers à Saint-Victor,2021-05-05,59,https://www.enbeauce.com/actualites/travaux-et-circulation/425227/debut-de-travaux-routiers-a-saint-victor,2021-07-03 11:22:25
Saint-Georges ,travaux routiers,15,EnBeauce.com,Saint-Georges : fermeture temporaire d'une portion de la 127e rue,2021-04-19,75,https://www.enbeauce.com/actualites/travaux-et-circulation/423336/saint-georges-fermeture-temporaire-dune-portion-de-la-127e-rue,2021-07-03 11:22:25
Saint-Georges ,travaux routiers,16,EnBeauce.com,Le MTQ réparera le pont de Saint-Joseph cette année,2021-04-15,79,https://www.enbeauce.com/actualites/travaux-et-circulation/423241/le-mtq-reparera-le-pont-de-saint-joseph-cette-annee,2021-07-03 11:22:25
Saint-Georges ,travaux routiers,17,EnBeauce.com,Des travaux sur la 36e rue à Saint-Georges,2021-05-14,50,https://www.enbeauce.com/actualites/travaux-et-circulation/426328/des-travaux-sur-la-36e-rue-a-saint-georges,2021-07-03 11:22:25
Saint-Georges ,travaux routiers,18,La Voix du Sud,Routes: plus de 354 millions $ en Chaudière-Appalaches d'ici 2022,,,https://www.lavoixdusud.com/2020/03/09/routes-plus-de-354-millions-en-chaudiere-appalaches-dici-2022/,2021-07-03 11:22:25
Saint-Georges ,travaux routiers,19,EnBeauce.com,Début de travaux routiers à compter du 10 mai,2021-05-07,57,https://www.enbeauce.com/actualites/travaux-et-circulation/425412/debut-de-travaux-routiers-a-compter-du-10-mai,2021-07-03 11:22:25
Saint-Georges ,travaux routiers,20,EnBeauce.com,Réouverture temporaire de la route du barrage Sartigan,2021-03-17,108,https://www.enbeauce.com/actualites/travaux-et-circulation/420521/reouverture-temporaire-de-la-route-du-barrage-sartigan,2021-07-03 11:22:25
Saint-Georges ,travaux routiers,21,EnBeauce.com,Les travaux de réfection du barrage Sartigan débuteront le 22 février,2021-02-05,148,https://www.enbeauce.com/actualites/travaux-et-circulation/417260/les-travaux-de-refection-du-barrage-sartigan-debuteront-le-22-fevrier,2021-07-03 11:22:25
Saint-Georges ,travaux routiers,22,EnBeauce.com,Saint-Georges demande l'aide de Québec pour financer les travaux d'immobilisation,2021-04-13,81,https://www.enbeauce.com/actualites/municipal/422972/saint-georges-demande-laide-de-quebec-pour-financer-les-travaux-dimmobilisation,2021-07-03 11:22:26
Saint-Georges ,travaux routiers,23,Le Soleil - Groupe Capitales Médias,Inondation moyenne à Saint-Joseph-de-Beauce; rivières sous surveillance en Chaudière-Appalaches,2021-03-26,99,https://www.lesoleil.com/actualite/environnement/inondation-moyenne-a-saint-joseph-de-beauce-rivieres-sous-surveillance-en-chaudiere-appalaches-f1cc7ff63d7592bd5083162807f2040c,2021-07-03 11:22:26
Saint-Georges ,travaux routiers,24,EnBeauce.com,Début des travaux de construction du centre multifonctionnel de Saint-Joseph-de-Beauce,2021-04-28,66,https://www.enbeauce.com/actualites/municipal/424503/debut-des-travaux-de-construction-du-centre-multifonctionnel-desaint-joseph-de-beauce,2021-07-03 11:22:26
Saint-Georges ,travaux routiers,25,EnBeauce.com,Saint-Gédéon: des travaux sur la route 204 jusqu'en octobre,2021-05-28,36,https://www.enbeauce.com/actualites/travaux-et-circulation/427611/saint-gedeon-des-travaux-sur-la-route-204-jusquen-octobre,2021-07-03 11:22:26
Saint-Georges ,autobus OR tramway,1,EnBeauce.com,Ouvert ou fermé pour la fête du Canada?,2021-07-01,2,https://www.enbeauce.com/actualites/affaires/430605/ouvert-ou-ferme-pour-la-fete-du-canada,2021-07-03 11:22:33
Saint-Georges ,autobus OR tramway,2,L'Hebdo du Saint-Maurice,Le rythme dans le sang chez Alexis Pronovost,2021-07-02,1,https://www.lhebdodustmaurice.com/le-rythme-dans-le-sang-chez-alexis-pronovost/,2021-07-03 11:22:33
Saint-Georges ,autobus OR tramway,3,ICI.Radio-Canada.ca,Une partie du centre-ville de Saint-Jean devient piétonnière pour l'été,2021-07-02,1,https://ici.radio-canada.ca/nouvelle/1806119/rues-pietons-centre-ville-saint-jean-ete-terre-neuve-labrador,2021-07-03 11:22:33
Saint-Georges ,autobus OR tramway,4,Le Parisien,Transports dans le Grand Paris : les perturbations du week-end des 3 et 4 juillet,2021-07-02,1,https://www.leparisien.fr/info-paris-ile-de-france-oise/transports/transports-dans-le-grand-paris-les-perturbations-du-week-end-des-3-et-4-juillet-02-07-2021-KD7W6HCOXBG4HOJVXLLXVZO43I.php,2021-07-03 11:22:33
Saint-Georges ,autobus OR tramway,5,Le Journal de Québec,Manifestation au Stade olympique: hospitalisé après avoir organisé le voyage à Montréal,2021-05-07,57,https://www.journaldequebec.com/2021/05/07/manifestation-au-stade-olympique-possible-contamination-parmi-les-participants-1,2021-07-03 11:22:33
Saint-Georges ,autobus OR tramway,6,Ma Beauce,Reprise des liaisons St-Georges-Québec pour Autobus Breton,2021-03-24,101,https://mabeauce.com/reprise-des-liaisons-st-georges-quebec-pour-autobus-breton/,2021-07-03 11:22:34
Saint-Georges ,autobus OR tramway,7,L'Éclaireur Progrès,Reprise du transport interurbain Saint-Georges-Québec,2021-03-25,100,https://www.leclaireurprogres.ca/reprise-du-transport-interurbain-saint-georges-quebec/,2021-07-03 11:22:34
Saint-Georges ,autobus OR tramway,8,L'Hebdo du Saint-Maurice,Transport en commun : les nouveaux circuits présentés,2021-02-15,138,https://www.lhebdodustmaurice.com/transport-en-commun-les-nouveaux-circuits-presentes/,2021-07-03 11:22:34
Saint-Georges ,autobus OR tramway,9,L'Éclaireur Progrès,Une saga familiale beauceronne,2021-02-13,140,https://www.leclaireurprogres.ca/une-saga-familiale-beauceronne/,2021-07-03 11:22:34
Saint-Georges ,autobus OR tramway,10,L'Éclaireur Progrès,Les revenus des transporteurs par autobus chutent drastiquement,2020-10-10,266,https://www.leclaireurprogres.ca/les-revenus-des-transporteurs-par-autobus-chutent-drastiquement/,2021-07-03 11:22:34
Saint-Georges ,autobus OR tramway,11,L'Éclaireur Progrès,Avis de retard pour le transport scolaire à la Polyvalente de Saint-Georges et la polyvalente des Abénaquis,2020-11-02,243,https://www.leclaireurprogres.ca/avis-de-retard-pour-le-transport-scolaire-a-la-polyvalente-de-saint-georges-et-la-polyvalente-des-abenaquis/,2021-07-03 11:22:34
Saint-Georges ,autobus OR tramway,12,Le Quotidien - Groupe Capitales Médias,Un autobus scolaire passe près d'écraser un enfant à Chicoutimi [VIDÉO],2020-10-23,253,https://www.lequotidien.com/actualites/justice-et-faits-divers/un-autobus-scolaire-passe-pres-decraser-un-enfant-a-chicoutimi-video-2a8ed73d7a4ecf4c2026f4ffbd839cef,2021-07-03 11:22:34
Saint-Georges ,autobus OR tramway,13,L'Éclaireur Progrès,Quatre arrestations reliées à la conduite avec les facultés affaiblies en une semaine,2021-02-03,150,https://www.leclaireurprogres.ca/quatre-arrestations-reliees-a-la-conduite-avec-les-facultes-affaiblies-en-une-semaine/,2021-07-03 11:22:35
Saint-Georges ,autobus OR tramway,14,L'Éclaireur Progrès,Autobus Breton: le trajet entre Saint-Georges et Québec sera maintenu,,,https://www.leclaireurprogres.ca/autobus-breton-le-trajet-entre-saint-georges-et-quebec-sera-maintenu/,2021-07-03 11:22:35
Saint-Georges ,autobus OR tramway,15,ICI.Radio-Canada.ca,Le road trip de Jesse Bélanger | Sports,2021-01-08,176,https://ici.radio-canada.ca/sports/podium/1347/jesse-belanger-hockey-canadien-coupe-stanley-camion-route-lessard,2021-07-03 11:22:35
Saint-Georges ,autobus OR tramway,16,Le Quotidien - Groupe Capitales Médias,Collision entre un autobus scolaire et un camion à Chicoutimi,2021-03-10,115,https://www.lequotidien.com/actualites/justice-et-faits-divers/collision-entre-un-autobus-scolaire-et-un-camion-a-chicoutimi-d48b250e3d93d45588ea587f919840e5,2021-07-03 11:22:35
Saint-Georges ,autobus OR tramway,17,Le Télégramme,Montpellier : du street art aux ruelles médiévales - Voyage en France,2021-07-03,0,https://www.letelegramme.fr/voyage/voyage-en-france/montpellier-du-street-art-aux-ruelles-medievales-03-07-2021-12773561.php,2021-07-03 11:22:35
Saint-Georges ,autobus OR tramway,18,Le Canada Français,"Le Vaisseau, une clinique mobile de pédiatrie sociale unique au Québec",2021-03-25,100,https://www.canadafrancais.com/2021/03/25/le-vaisseau-une-clinique-mobile-de-pediatrie-sociale-unique-au-quebec/,2021-07-03 11:22:35
Saint-Georges ,autobus OR tramway,19,Le Reflet,Un nouveau trajet d'autobus Est-Ouest mènera au REM,2020-11-06,239,https://www.lereflet.qc.ca/un-nouveau-trajet-dautobus-est-ouest-menera-au-rem/,2021-07-03 11:22:35
Saint-Georges ,autobus OR tramway,20,Le Journal de Montréal,3e lien: Québec n'est pas une petite ville,2021-05-29,35,https://www.journaldemontreal.com/2021/05/29/3elien-quebec-nest-pas-une-petite-ville,2021-07-03 11:22:36
Saint-Georges ,autobus OR tramway,21,EnBeauce.com,Plus de 250 M$ pour électrifier 65% des autobus scolaires d'ici 2030,2021-04-24,70,https://www.enbeauce.com/actualites/environnement/424180/plus-de-250-m$-pour-electrifier-65-des-autobus-scolaires-dici-2030,2021-07-03 11:22:36
Saint-Georges ,autobus OR tramway,22,L'Éclaireur Progrès,Arrêt du transport interurbain pour Autobus Breton: les MRC s'expliquent,,,https://www.leclaireurprogres.ca/arret-du-transport-interurbain-pour-autobus-breton-les-mrc-sexpliquent/,2021-07-03 11:22:36
Saint-Georges ,autobus OR tramway,23,EnBeauce.com,COVID-19 : un 12e décès au CHSLD L'Assomption,2021-05-08,56,https://www.enbeauce.com/actualites/societe/425713/covid-19-un-12e-deces-au-chsld-lassomption,2021-07-03 11:22:36
Saint-Georges ,autobus OR tramway,24,Le Soleil - Groupe Capitales Médias,Fin du lien interurbain Saint-Georges–Québec par Autobus Breton,,,https://www.lesoleil.com/actualite/fin-du-lien-interurbain-saint-georgesquebec-par-autobus-breton-ebdd72a4399a87803c771121359d1b61,2021-07-03 11:22:36
Saint-Georges ,autobus OR tramway,25,Le Soleil - Groupe Capitales Médias,[QUIZ] L'histoire du tramway à Québec en sept questions,2021-04-09,85,https://www.lesoleil.com/actualite/histoire/quiz-lhistoire-du-tramway-a-quebec-en-sept-questions-20507d1e104eff3ec24d4510a364257f,2021-07-03 11:22:36
Saint-Georges ,météo,1,EnBeauce.com,Collision sur le boulevard Lacroix à Saint-Georges,2021-06-08,25,https://www.enbeauce.com/actualites/faits-divers/428587/collision-sur-le-boulevard-lacroix-a-saint-georges,2021-07-03 11:22:43
Saint-Georges ,météo,2,L'Éclaireur Progrès,Le 24 DH revient avec une formule dekhockey,2021-06-28,5,https://www.leclaireurprogres.ca/le-24-dh-revient-avec-une-formule-dekhockey/,2021-07-03 11:22:44
Saint-Georges ,météo,3,actu.fr,Météo. Pic de chaleur : le Val-de-Marne placé en vigilance jaune canicule et orages,2021-06-16,17,https://actu.fr/meteo/meteo-le-val-de-marne-place-en-vigilance-jaune-canicule-et-orages_42673114.html,2021-07-03 11:22:44
Saint-Georges ,météo,4,EnBeauce.com,Un camion frappe un orignal sur la 175e rue à Saint-Georges,2021-06-11,22,https://www.enbeauce.com/actualites/faits-divers/428913/un-camion-frappe-un-orignal-sur-la-175e-rue-a-saint-georges,2021-07-03 11:22:44
Saint-Georges ,météo,5,Bien Public,"Météo | Au dernier moment, la Côte-d'Or repasse en vigilance jaune ""orages"", des averses du côté de Dijon",2021-06-10,23,https://www.bienpublic.com/environnement/2021/06/10/au-dernier-moment-la-cote-d-or-repasse-en-vigilance-jaune-orages-des-averses-du-cote-de-dijon,2021-07-03 11:22:44
Saint-Georges ,météo,6,Echo Républicain,Orages en Eure-et-Loir : des foyers privés d'électricité dans la nuit,2021-06-04,29,https://www.lechorepublicain.fr/chartres-28000/actualites/orages-en-eure-et-loir-des-foyers-prives-d-electricite-dans-la-nuit_13962361/,2021-07-03 11:22:44
Saint-Georges ,météo,7,VINGT 55 Média web,Vague d'OVNIS au-dessus de Drummondville ! …raconte-moi l'histoire par André Pelchat,2021-06-06,27,https://vingt55.ca/vague-dovnis-au-dessus-de-drummondville-raconte-moi-lhistoire-par-andre-pelchat/,2021-07-03 11:22:45
Saint-Georges ,météo,8,MétéoMédia,EN IMAGES - Plusieurs secteurs ensevelis sous une neige hâtive !,2020-10-17,259,https://www.meteomedia.com/ca/nouvelles/article/en-images-plusieurs-secteurs-ensevelis-sous-une-neige-hative,2021-07-03 11:22:45
Saint-Georges ,météo,9,EnBeauce.com,Sortie de route à Sainte-Rose-de-Watford,2021-06-23,10,https://www.enbeauce.com/actualites/faits-divers/430045/sortie-de-route-a-sainte-rose-de-watford,2021-07-03 11:22:45
Saint-Georges ,météo,10,L'Éclaireur Progrès,L'hiver s'installe réellement dans le sud de la Beauce,2021-02-03,150,https://www.leclaireurprogres.ca/lhiver-sinstalle-reellement-dans-le-sud-de-la-beauce/,2021-07-03 11:22:45
Saint-Georges ,météo,11,EnBeauce.com,Femme blessée par une voiture,2021-06-14,19,https://www.enbeauce.com/actualites/faits-divers/429115/femme-blessee-par-une-voiture,2021-07-03 11:22:46
Saint-Georges ,météo,12,MétéoMédia,La tempête du 1er avril se dirige vers l'est du Québec,2021-04-01,93,https://www.meteomedia.com/ca/nouvelles/article/heure-en-heure-tempete-du-1er-avril-le-systeme-touche-le-quebec,2021-07-03 11:22:46
Saint-Georges ,météo,13,ICI.Radio-Canada.ca,De la pluie et un mercure aussi haut qu'à Istanbul pour mardi,2020-11-29,216,https://ici.radio-canada.ca/nouvelle/1753214/meteo-systeme-pluie-chaud-temperature-beauce-turquie,2021-07-03 11:22:46
Saint-Georges ,météo,14,La Voix de l'est - Groupe Capitales Médias,Cocktail météo attendu pour la fin de semaine,2021-03-25,100,https://www.lavoixdelest.ca/actualites/cocktail-meteo-attendu-pour-la-fin-de-semaine-0b6af4f01f201cbfc900938f48e0f5af,2021-07-03 11:22:46
Saint-Georges ,météo,15,Le Journal de Québec,COVID-19 La Beauce devrait aussi déconfiner,2021-05-19,45,https://www.journaldequebec.com/2021/05/19/deconfinement-la-beauce-veut-des-indications-claires,2021-07-03 11:22:46
Saint-Georges ,météo,16,France Bleu,L'association Météo Centre étend son réseau de webcams dans l'Indre,2021-02-28,125,https://www.francebleu.fr/infos/meteo/l-association-meteo-centre-etend-son-reseau-de-webcams-dans-l-indre-1614461596,2021-07-03 11:22:46
Saint-Georges ,météo,17,EnBeauce.com,Une tempête hivernale attendue demain en Beauce et ailleurs,2021-02-01,152,https://www.enbeauce.com/actualites/faits-divers/416689/une-tempete-hivernale-attendue-demain-en-beauce-et-ailleurs,2021-07-03 11:22:47
Saint-Georges ,météo,18,MétéoMédia,600 km d'orages ont frappé le Québec mardi,2020-08-12,325,https://www.meteomedia.com/ca/nouvelles/article/des-orages-violents-eclatent-un-peu-partout-au-quebec,2021-07-03 11:22:47
Saint-Georges ,météo,19,Le Journal de Québec,Beauce: Québec prolongera l'autoroute 73 à Saint-Georges,2020-12-14,201,https://www.journaldequebec.com/2020/12/14/beauce-quebec-prolongera-lautoroute-73-a-saint-georges,2021-07-03 11:22:47
Saint-Georges ,météo,20,L'Éclaireur Progrès,Actualités Une clinique de dépistage ouvre à Saint-Georges,2021-04-19,75,https://www.leclaireurprogres.ca/une-clinique-de-depistage-ouvre-a-saint-georges/,2021-07-03 11:22:47
Saint-Georges ,météo,21,Beauce-Média,COVID-19 |Une nouvelle éclosion à l'Hôpital de Saint-Georges,2020-11-16,229,https://www.beaucemedia.ca/2020/11/16/covid-19-une-nouvelle-eclosion-a-lhopital-de-saint-georges/,2021-07-03 11:22:47
Saint-Georges ,météo,22,Le Journal de Québec,Une éclosion frappe un CHSLD en Beauce,2021-04-06,88,https://www.journaldequebec.com/2021/04/06/une-eclosion-frappe-un-chsld-en-beauce,2021-07-03 11:22:47
Saint-Georges ,météo,23,Le Journal de Québec,Commotion en Beauce après la mort d'un adolescent de 17 ans,2021-01-27,157,https://www.journaldequebec.com/2021/01/26/collision-en-beauce-un-adolescent-perd-la-vie,2021-07-03 11:22:47
Saint-Georges ,météo,24,Le Journal de Québec,Faits divers Des Beaucerons embarrassés,2021-04-17,77,https://www.journaldequebec.com/2021/04/17/manifestation-contre-les-regles-sanitaires-en-beauce,2021-07-03 11:22:48
Saint-Georges ,météo,25,Le Journal de Québec,Un corps inanimé et une enquête criminelle,2020-09-16,290,https://www.journaldequebec.com/2020/09/16/mort-suspecte-a-saint-georges,2021-07-03 11:22:48
