Villes,Mots-clés,position du média,Nom du média,Titre de l'article,Date de publication,Journée de différence,URL,date et heure saisie
Sainte-Adèle ,accident,1,Journal Accès,Trottoir à Sainte-Adèle - Accès Laurentides,2021-06-28,5,https://www.journalacces.ca/trottoir-a-sainte-adele/,2021-07-03 11:51:45
Sainte-Adèle ,accident,2,Le Journal de Montréal,Un véhicule fait des tonneaux sur l'A15: deux blessés,2021-01-08,176,https://www.journaldemontreal.com/2021/01/08/deux-blesses-apres-quun-vehicule-eut-fait-des-tonneaux-sur-la15,2021-07-03 11:51:45
Sainte-Adèle ,accident,3,La Presse,Meurtre sur fond de stupéfiants à Sainte-Adèle,2020-10-16,260,https://www.lapresse.ca/actualites/justice-et-faits-divers/2020-10-16/meurtre-sur-fond-de-stupefiants-a-sainte-adele.php,2021-07-03 11:51:45
Sainte-Adèle ,accident,4,Journal Accès,Meurtre à Sainte-Adèle : La victime Yoan Lauzon possédait un casier judiciaire - Accès Laurentides,2020-10-19,257,https://www.journalacces.ca/meurtre-a-sainte-adele-la-victime-yoan-lauzon-possedait-un-casier-judiciaire/,2021-07-03 11:51:45
Sainte-Adèle ,accident,5,Journal Accès,Un travailleur électrocuté - Accès Laurentides,2021-04-01,93,https://www.journalacces.ca/un-travailleur-electrocute/,2021-07-03 11:51:46
Sainte-Adèle ,accident,6,Journal Accès,Accident de travail : Technicien expérimenté victime d'une électrocution - Accès Laurentides,2021-04-06,88,https://www.journalacces.ca/accident-de-travail-technicien-experimente-victime-dune-electrocution/,2021-07-03 11:51:46
Sainte-Adèle ,accident,7,La Presse,Explosion à Morin-Heights | La résidence anéantie aurait été perquisitionnée par la SQ,2021-02-27,126,https://www.lapresse.ca/actualites/justice-et-faits-divers/2021-02-27/explosion-a-morin-heights/la-residence-aneantie-aurait-ete-perquisitionnee-par-la-sq.php,2021-07-03 11:51:46
Sainte-Adèle ,accident,8,Le Journal de Montréal,Un motocycliste perd la vie à Saint-Adèle,,,https://www.journaldemontreal.com/2018/07/16/un-motocycliste-perd-la-vie-a-saint-adele,2021-07-03 11:51:46
Sainte-Adèle ,accident,9,TVA Nouvelles,Une remorque qui se détache d'un poids lourd cause un grave accident en Montérégie,2021-04-22,72,https://www.tvanouvelles.ca/2021/04/22/une-remorque-qui-se-detache-dun-poids-lourd-cause-un-grave-accident-en-monteregie,2021-07-03 11:51:46
Sainte-Adèle ,accident,10,Le Soleil - Groupe Capitales Médias,Embardée à Saint-Adèle: décès d'un homme de 44 ans,,,https://www.lesoleil.com/actualite/justice-et-faits-divers/embardee-a-saint-adele-deces-dun-homme-de-44-ans-4d323fc368db16907a372eb65953793d,2021-07-03 11:51:47
Sainte-Adèle ,accident,11,Le Journal de Québec,[EN IMAGES] Stéphane Rousseau vend sa maison de Sainte-Adèle pour 2 550 000$,2020-08-12,325,https://www.journaldequebec.com/2020/08/12/stephane-rousseau-vend-sa-maison-de-sainte-adele-pour-2-550-000,2021-07-03 11:51:47
Sainte-Adèle ,accident,12,TVA Nouvelles,Une dizaine de véhicules impliqués dans un carambolage sur l'A-10,2021-03-29,96,https://www.tvanouvelles.ca/2021/03/29/une-dizaine-de-vehicules-impliques-dans-un-carambolage-sur-la-10,2021-07-03 11:51:47
Sainte-Adèle ,accident,13,TVA Nouvelles,Une motoneigiste meurt après une collision au Lac-Saint-Jean,2021-02-18,135,https://www.tvanouvelles.ca/2021/02/18/une-motoneigiste-dans-un-etat-grave-au-lac-saint-jean-1,2021-07-03 11:51:47
Sainte-Adèle ,accident,14,TVA Nouvelles,Accident sur l'A50: un homme de 19 ans succombe à ses blessures,2021-03-29,96,https://www.tvanouvelles.ca/2021/03/29/un-homme-grievement-blesse-en-etant-percute-a-deux-reprises-sur-la50-1,2021-07-03 11:51:47
Sainte-Adèle ,accident,15,TopoLocal,Accident de moto à Sainte-Adèle,,,https://www.topolocal.ca/2016/07/17/accident-moto-sainte-adele/,2021-07-03 11:51:47
Sainte-Adèle ,accident,16,TVA Nouvelles,Deuxième accident grave au même endroit en autant de jours: un cycliste entre la vie et la mort,2021-04-08,86,https://www.tvanouvelles.ca/2021/04/08/deuxieme-accident-grave-au-meme-endroit-en-autant-de-jours-un-cycliste-entre-la-vie-et-la-mort-1,2021-07-03 11:51:48
Sainte-Adèle ,accident,17,TVA Nouvelles,Un mort dans un accident à Beaconsfield,2020-12-17,198,https://www.tvanouvelles.ca/2020/12/17/un-mort-dans-un-accident-a-beaconsfield,2021-07-03 11:51:48
Sainte-Adèle ,accident,18,Journal Accès,Décès sur la piste cyclable : « Ce n'est pas un cas isolé finalement » - François Groleau - Accès Laurentides,,,https://www.journalacces.ca/deces-sur-la-piste-cyclable-%E2%80%89ce-nest-pas-un-cas-isole-finalement%E2%80%89-francois-groleau/,2021-07-03 11:51:48
Sainte-Adèle ,accident,19,Radio-Canada.ca,Procès du meurtre de Laurie-Anne Grenier : l'accusé dénoncé par sa mère,2021-05-04,60,https://ici.radio-canada.ca/nouvelle/1790438/proces-meurtre-laurie-anne-grenier,2021-07-03 11:51:48
Sainte-Adèle ,accident,20,Le Journal de Montréal,Un camion cube se renverse sur la 440 à Laval,2021-02-27,126,https://www.journaldemontreal.com/2021/02/27/un-camion-cube-se-renverse-sur-la-440-a-laval-1,2021-07-03 11:51:48
Sainte-Adèle ,accident,21,Journal Accès,75 ans de bonheur à l'état pur pour Sainte-Anne-des-Lacs ! - Accès Laurentides,2021-04-27,67,https://www.journalacces.ca/75-ans-de-bonheur-a-letat-pur-pour-sainte-anne-des-lacs/,2021-07-03 11:51:49
Sainte-Adèle ,accident,22,TVA Nouvelles,Mystérieux accident à Saint-Apollinaire: un père et ses deux enfants recherchés,2020-07-09,359,https://www.tvanouvelles.ca/2020/07/09/saint-apollinaire-un-vehicule-fantome-lourdement-accidente-1,2021-07-03 11:51:49
Sainte-Adèle ,accident,23,Le Journal de Montréal,Estrie: un homme arrêté pour conduite avec capacité affaiblie causant la mort,2021-04-08,86,https://www.journaldemontreal.com/2021/04/08/estrie-un-homme-arrete-pour-conduite-avec-capacite-affaiblie-causant-la-mort,2021-07-03 11:51:49
Sainte-Adèle ,accident,24,Journal Accès,Tracé mythique : Le circuit automobile Mont-Tremblant mis en vente - Accès Laurentides,2021-04-06,88,https://www.journalacces.ca/trace-mythique-le-circuit-automobile-mont-tremblant-mis-en-vente/,2021-07-03 11:51:49
Sainte-Adèle ,accident,25,Journal Accès,Sainte-Adèle : Nouvelle limite de vitesse sur la route 370 - Accès Laurentides,,,https://www.journalacces.ca/sainte-adele-nouvelle-limite-de-vitesse-sur-la-route-370/,2021-07-03 11:51:49
Sainte-Adèle ,décès OR mort,1,Le Journal de Montréal,"Dubé, André",2021-06-12,21,https://www.journaldemontreal.com/2021/06/12/07ed8be528/dube-andre,2021-07-03 11:52:24
Sainte-Adèle ,décès OR mort,2,La Presse,Meurtre sur fond de stupéfiants à Sainte-Adèle,2020-10-16,260,https://www.lapresse.ca/actualites/justice-et-faits-divers/2020-10-16/meurtre-sur-fond-de-stupefiants-a-sainte-adele.php,2021-07-03 11:52:24
Sainte-Adèle ,décès OR mort,3,NecrologieCanada,BEZEAU Claude 1935 2020,2021-06-16,17,https://necrocanada.com/deces-2021/bezeau-claude-1935-2020/,2021-07-03 11:52:24
Sainte-Adèle ,décès OR mort,4,NecrologieCanada,Proulx Diane 2021,2021-06-30,3,https://necrocanada.com/deces-2021/proulx-diane-2021/,2021-07-03 11:52:25
Sainte-Adèle ,décès OR mort,5,NecrologieCanada,Louis de Gonzague Chevrier 1923 2020 (97 ans),2021-06-30,3,https://necrocanada.com/deces-2021/louis-de-gonzague-chevrier-1923-2020-97-ans/,2021-07-03 11:52:25
Sainte-Adèle ,décès OR mort,6,NecrologieCanada,BEAUDOIN GOULET Georgette 2021,2021-06-23,10,https://necrocanada.com/deces-2021/beaudoin-goulet-georgette-2021/,2021-07-03 11:52:25
Sainte-Adèle ,décès OR mort,7,Journal Accès,Décès de l'auteur Claude Jasmin - Accès Laurentides,2021-05-04,60,https://www.journalacces.ca/deces-de-lauteur-claude-jasmin/,2021-07-03 11:52:25
Sainte-Adèle ,décès OR mort,8,Journal Accès,Décès de René Cassé de La Gascogne - Accès Laurentides,2021-03-03,122,https://www.journalacces.ca/deces-de-rene-casse-de-la-gascogne/,2021-07-03 11:52:25
Sainte-Adèle ,décès OR mort,9,Journal Le Nord,Les Rolland et les Laurentides - Partie 2,2021-02-23,130,https://www.journallenord.com/les-rolland-et-les-laurentides-partie-2/,2021-07-03 11:52:25
Sainte-Adèle ,décès OR mort,10,Journal Accès,Philippe Riopelle : Son décès ne laisse personne indifférent - Accès Laurentides,2020-10-27,249,https://www.journalacces.ca/philippe-riopelle-possedait-une-vision-peu-commune-pour-denicher-les-bons-partenaires/,2021-07-03 11:52:26
Sainte-Adèle ,décès OR mort,11,Journal Accès,Des ruines découvertes à Sainte-Adèle - Accès Laurentides,2020-12-08,207,https://www.journalacces.ca/des-ruines-decouvertes-a-sainte-adele/,2021-07-03 11:52:26
Sainte-Adèle ,décès OR mort,12,Journal Accès,Meurtre à Sainte-Adèle : La victime Yoan Lauzon possédait un casier judiciaire - Accès Laurentides,2020-10-19,257,https://www.journalacces.ca/meurtre-a-sainte-adele-la-victime-yoan-lauzon-possedait-un-casier-judiciaire/,2021-07-03 11:52:26
Sainte-Adèle ,décès OR mort,13,Journal Accès,Accident de travail : Technicien expérimenté victime d'une électrocution - Accès Laurentides,2021-04-06,88,https://www.journalacces.ca/accident-de-travail-technicien-experimente-victime-dune-electrocution/,2021-07-03 11:52:26
Sainte-Adèle ,décès OR mort,14,ICI.Radio-Canada.ca,COVID-19 : 53 décès de plus et 1713 nouveaux cas au Québec | Coronavirus,2020-12-11,204,https://ici.radio-canada.ca/nouvelle/1756358/bilan-covid-quebec-11-decembre-2020,2021-07-03 11:52:27
Sainte-Adèle ,décès OR mort,15,Journal Accès,Jeanne Maranda décède à l'âge de 94 ans - Accès Laurentides,2021-04-13,81,https://www.journalacces.ca/jeanne-maranda-decede-a-lage-de-94-ans/,2021-07-03 11:52:27
Sainte-Adèle ,décès OR mort,16,Journal Accès,Un travailleur électrocuté - Accès Laurentides,2021-04-01,93,https://www.journalacces.ca/un-travailleur-electrocute/,2021-07-03 11:52:27
Sainte-Adèle ,décès OR mort,17,Journal Accès,Morin-Heights : Un mort à la suite d'une violente explosion - Accès Laurentides,2021-03-02,123,https://www.journalacces.ca/morin-heights-un-mort-a-la-suite-dune-violente-explosion/,2021-07-03 11:52:27
Sainte-Adèle ,décès OR mort,18,Le Journal de Montréal,Sainte-Adèle: impressionnant domaine privé à vendre,2021-03-16,109,https://www.journaldemontreal.com/2021/03/16/sainte-adele-impressionnant-domaine-prive-a-vendre,2021-07-03 11:52:27
Sainte-Adèle ,décès OR mort,19,Journal Accès,Décès du fondateur du restaurant Au Mazot Suisse - Accès Laurentides,2021-03-03,122,https://www.journalacces.ca/deces-du-fondateur-du-restaurant-au-mazot-suisse/,2021-07-03 11:52:27
Sainte-Adèle ,décès OR mort,20,Journal Accès,Les archives du Nord : La mort de L'Avenir - Accès Laurentides,2021-04-13,81,https://www.journalacces.ca/les-archives-du-nord-la-mort-de-lavenir/,2021-07-03 11:52:28
Sainte-Adèle ,décès OR mort,21,La Presse,Explosion à Morin-Heights | La résidence anéantie aurait été perquisitionnée par la SQ,2021-02-27,126,https://www.lapresse.ca/actualites/justice-et-faits-divers/2021-02-27/explosion-a-morin-heights/la-residence-aneantie-aurait-ete-perquisitionnee-par-la-sq.php,2021-07-03 11:52:28
Sainte-Adèle ,décès OR mort,22,TVA Nouvelles,Sainte-Adèle et Saint-Sauveur veulent des barrages,2020-11-12,233,https://www.tvanouvelles.ca/2020/11/12/sainte-adele-et-saint-sauveur-veulent-des-barrages,2021-07-03 11:52:28
Sainte-Adèle ,décès OR mort,23,Journal Accès,Décès sur la piste cyclable : « Ce n'est pas un cas isolé finalement » - François Groleau - Accès Laurentides,,,https://www.journalacces.ca/deces-sur-la-piste-cyclable-%E2%80%89ce-nest-pas-un-cas-isole-finalement%E2%80%89-francois-groleau/,2021-07-03 11:52:29
Sainte-Adèle ,décès OR mort,24,La Presse,Sainte-Adèle limite l'accès à ses sentiers,2021-01-14,170,https://www.lapresse.ca/voyage/quebec-et-canada/2021-01-14/sainte-adele-limite-l-acces-a-ses-sentiers.php,2021-07-03 11:52:29
Sainte-Adèle ,décès OR mort,25,Le Devoir,"Claude Jasmin, le géant de La Petite-Patrie, s'éteint",2021-04-30,64,https://www.ledevoir.com/culture/599783/avec-la-mort-de-claude-jasmin-un-geant-de-la-culture-quebecoise-s-eteint,2021-07-03 11:52:29
Sainte-Adèle ,incendie,1,Journal Accès,Des nouveaux modulaires à l'école Chante-au-Vent - Accès Laurentides,2021-06-08,25,https://www.journalacces.ca/ecole-chante-au-vent-des-modulaires-qui-font-jaser/,2021-07-03 11:52:36
Sainte-Adèle ,incendie,2,Journal Accès,Incendie à Saint-Sauveur - Accès Laurentides,2021-03-02,123,https://www.journalacces.ca/incendie-a-saint-sauveur/,2021-07-03 11:52:36
Sainte-Adèle ,incendie,3,Journal Accès,Morin-Heights : Un mort à la suite d'une violente explosion - Accès Laurentides,2021-02-26,127,https://www.journalacces.ca/morin-heights-une-maison-totalement-rayee-de-la-carte/,2021-07-03 11:52:36
Sainte-Adèle ,incendie,4,TVA Nouvelles,Violent incendie à Sainte-Adèle,,,https://www.tvanouvelles.ca/2018/12/30/violent-incendie-a-sainte-adele,2021-07-03 11:52:37
Sainte-Adèle ,incendie,5,La Presse,Tours cellulaires incendiées: un couple de Sainte-Adèle accusé,,,https://www.lapresse.ca/actualites/justice-et-faits-divers/2020-05-07/tours-cellulaires-incendiees-un-couple-de-sainte-adele-accuse,2021-07-03 11:52:37
Sainte-Adèle ,incendie,6,La Presse,Rideau (de feu) sur Les pays d'en haut,2021-02-09,144,https://www.lapresse.ca/arts/television/2021-02-09/rideau-de-feu-sur-les-pays-d-en-haut.php,2021-07-03 11:52:37
Sainte-Adèle ,incendie,7,Journal Accès,Une « mauvaise gestion » des chantiers à Sainte-Adèle - Accès Laurentides,2020-09-29,277,https://www.journalacces.ca/une-mauvaise-gestion-des-chantiers-a-sainte-adele/,2021-07-03 11:52:37
Sainte-Adèle ,incendie,8,Mon Matane,Éphémérides du 30 juin : une rue à Matane en mémoire de l'ex-député ministre Yves Bérubé en 2006,2021-06-30,3,https://monmatane.com/ephemerides-du-30-juin-une-rue-a-matane-en-memoire-de-lex-depute-ministre-yves-berube-en-2006/,2021-07-03 11:52:37
Sainte-Adèle ,incendie,9,Le Journal de Montréal,Meilleurs vœux,2020-12-23,192,https://www.journaldemontreal.com/2020/12/23/meilleurs-vux,2021-07-03 11:52:38
Sainte-Adèle ,incendie,10,TVA Nouvelles,"[EN IMAGES] Atteint par balle, il fonce dans un restaurant",2020-10-16,260,https://www.tvanouvelles.ca/2020/10/16/un-homme-meurt-apres-avoir-ete-atteint-par-balle-a-sainte-adele,2021-07-03 11:52:38
Sainte-Adèle ,incendie,11,Le Journal de Montréal,Une maison ravagée par un incendie samedi soir à Sainte-Adèle,,,https://www.journaldemontreal.com/2018/02/03/une-maison-ravagee-par-un-incendie-samedi-soir-a-sainte-adele,2021-07-03 11:52:38
Sainte-Adèle ,incendie,12,Journal Accès,Les pompiers de Mille-Îles auraient-ils pu intervenir à Bellefeuille ? - Accès Laurentides,2021-03-23,102,https://www.journalacces.ca/entraide-dincendie-de-nouvelles-ententes-regionales-pour-mieux-proteger-la-population/,2021-07-03 11:52:38
Sainte-Adèle ,incendie,13,Le Journal de Montréal,Incendie majeur dans un immeuble à condos luxueux à Sainte-Adèle,,,https://www.journaldemontreal.com/2016/05/23/un-incendie-dans-un-immeuble-a-condos-luxueux-tient-les-policiers-en-haleine,2021-07-03 11:52:38
Sainte-Adèle ,incendie,14,TVA Nouvelles,Plus de 100 pompiers pour maîtriser un incendie,2020-12-16,199,https://www.tvanouvelles.ca/2020/12/16/plus-de-100-pompiers-pour-maitriser-un-incendie,2021-07-03 11:52:39
Sainte-Adèle ,incendie,15,TVA Nouvelles,Sainte-Adèle et Saint-Sauveur veulent des barrages,2020-11-12,233,https://www.tvanouvelles.ca/2020/11/12/sainte-adele-et-saint-sauveur-veulent-des-barrages,2021-07-03 11:52:39
Sainte-Adèle ,incendie,16,Journal Accès,COVID-19 : Les cas augmentent à Sainte-Adèle et Saint-Sauveur - Accès Laurentides,2020-12-11,204,https://www.journalacces.ca/covid-19-les-cas-augmentent-a-sainte-adele-et-saint-sauveur/,2021-07-03 11:52:39
Sainte-Adèle ,incendie,17,TVA Nouvelles,Trois véhicules incendiés au cours de la même nuit,2021-03-16,109,https://www.tvanouvelles.ca/2021/03/16/trois-vehicules-incendies-au-cours-de-la-meme-nuit,2021-07-03 11:52:39
Sainte-Adèle ,incendie,18,TopoLocal,Feu à Sainte-Adèle,,,https://www.topolocal.ca/2016/01/28/feu-sainte-adele/,2021-07-03 11:52:39
Sainte-Adèle ,incendie,19,TVA Nouvelles,Centre de tri Multi-Recyclage : un incendie qui durera plusieurs jours à Laval,2020-12-27,188,https://www.tvanouvelles.ca/2020/12/27/une-montagne-de-debris-en-feu-a-laval,2021-07-03 11:52:39
Sainte-Adèle ,incendie,20,Le Journal de Montréal,Un véhicule fait des tonneaux sur l'A15: deux blessés,2021-01-08,176,https://www.journaldemontreal.com/2021/01/08/deux-blesses-apres-quun-vehicule-eut-fait-des-tonneaux-sur-la15,2021-07-03 11:52:40
Sainte-Adèle ,incendie,21,Radio-Canada.ca,Procès du meurtre de Laurie-Anne Grenier : l'accusé dénoncé par sa mère,2021-05-04,60,https://ici.radio-canada.ca/nouvelle/1790438/proces-meurtre-laurie-anne-grenier,2021-07-03 11:52:40
Sainte-Adèle ,incendie,22,Le Journal de Montréal,[PHOTOS] Un restaurant de Saint-Sauveur complètement ravagé par un incendie,,,https://www.journaldemontreal.com/2019/11/04/photosun-restaurant-de-saint-sauveur-completement-ravage-par-un-incendie,2021-07-03 11:52:40
Sainte-Adèle ,incendie,23,TVA Nouvelles,Un homme décède après un incendie à Montréal-Nord,2021-02-01,152,https://www.tvanouvelles.ca/2021/02/01/un-homme-en-etat-critique-apres-un-debut-dincendie-a-montreal-nord,2021-07-03 11:52:40
Sainte-Adèle ,incendie,24,Journal Accès,Incendie au Home Hardware Théorêt - Accès Laurentides,,,https://www.journalacces.ca/incendie-home-hardware-theoret-2/,2021-07-03 11:52:41
Sainte-Adèle ,incendie,25,Le Journal de Montréal,Incendie suspect dans Saint-Laurent,2020-09-23,283,https://www.journaldemontreal.com/2020/09/23/incendie-suspect-dans-saint-laurent-1,2021-07-03 11:52:41
Sainte-Adèle ,police OR Sûreté,1,TVA Nouvelles,Le troisième fugitif de Sainte-Adèle épinglé,2021-06-28,5,https://www.tvanouvelles.ca/2021/06/28/le-troisieme-fugitif-de-sainte-adele-epingle-1,2021-07-03 11:52:48
Sainte-Adèle ,police OR Sûreté,2,La Presse,Trois hommes violents recherchés par la SQ,2021-06-16,17,https://www.lapresse.ca/actualites/justice-et-faits-divers/2021-06-16/trois-hommes-violents-recherches-par-la-sq.php,2021-07-03 11:52:48
Sainte-Adèle ,police OR Sûreté,3,Journal Accès,Meurtre à Sainte-Adèle : La victime Yoan Lauzon possédait un casier judiciaire - Accès Laurentides,2020-10-19,257,https://www.journalacces.ca/meurtre-a-sainte-adele-la-victime-yoan-lauzon-possedait-un-casier-judiciaire/,2021-07-03 11:52:48
Sainte-Adèle ,police OR Sûreté,4,iHeartRadio,Trois criminels pourraient se trouver en Abitibi-Témiscamingue,2021-06-17,16,https://www.iheartradio.ca/energie/energie-rouyn/nouvelles/trois-criminels-pourraient-se-trouver-en-abitibi-temiscamingue-1.15437070,2021-07-03 11:52:48
Sainte-Adèle ,police OR Sûreté,5,Journal Accès,La Sûreté du Québec au conseil municipal de Sainte-Adèle - Accès Laurentides,2020-09-22,284,https://www.journalacces.ca/la-surete-du-quebec-au-conseil-municipal-de-sainte-adele/,2021-07-03 11:52:49
Sainte-Adèle ,police OR Sûreté,6,Journal Accès,Covid-19 : La Sûreté du Québec surveille les déplacements - Accès Laurentides,2020-10-02,274,https://www.journalacces.ca/augmentation-de-la-presence-policiere-a-larrivee-du-week-end/,2021-07-03 11:52:49
Sainte-Adèle ,police OR Sûreté,7,Journal Accès,Opération en cours en matière de stupéfiants : 16 personnes arrêtées - Accès Laurentides,2020-10-22,254,https://www.journalacces.ca/demantelement-dun-reseau-de-distribution-de-stupefiants-16-personnes-arretees/,2021-07-03 11:52:49
Sainte-Adèle ,police OR Sûreté,8,Journal Accès,La drogue au volant sanctionnée par la Sûreté du Québec - Accès Laurentides,2020-11-03,242,https://www.journalacces.ca/la-drogue-au-volant-sanctionnee-par-la-surete-du-quebec/,2021-07-03 11:52:49
Sainte-Adèle ,police OR Sûreté,9,Journal Accès,Mont-Tremblant : Transfert de la desserte policière à la Sûreté du Québec - Accès Laurentides,2021-02-03,150,https://www.journalacces.ca/mont-tremblant-transfert-de-la-desserte-policiere-a-la-surete-du-quebec/,2021-07-03 11:52:49
Sainte-Adèle ,police OR Sûreté,10,La Presse,Meurtre sur fond de stupéfiants à Sainte-Adèle,2020-10-16,260,https://www.lapresse.ca/actualites/justice-et-faits-divers/2020-10-16/meurtre-sur-fond-de-stupefiants-a-sainte-adele.php,2021-07-03 11:52:50
Sainte-Adèle ,police OR Sûreté,11,TVA Nouvelles,Sainte-Adèle et Saint-Sauveur veulent des barrages,2020-11-12,233,https://www.tvanouvelles.ca/2020/11/12/sainte-adele-et-saint-sauveur-veulent-des-barrages,2021-07-03 11:52:50
Sainte-Adèle ,police OR Sûreté,12,Journal Accès,Confidence avec Martin Pelland du Service de police de Saint-Jérôme - Accès Laurentides,2021-03-10,115,https://www.journalacces.ca/confidence-avec-martin-pelland-du-service-de-police-de-saint-jerome/,2021-07-03 11:52:50
Sainte-Adèle ,police OR Sûreté,13,Le Journal de Montréal,Raconter notre histoire,2021-06-19,14,https://www.journaldemontreal.com/2021/06/19/raconter-notre-histoire,2021-07-03 11:52:50
Sainte-Adèle ,police OR Sûreté,14,Le Journal de Montréal,Un nouveau procès pour le policier de la SQ qui a abattu un ado à Sainte-Adèle,,,https://www.journaldemontreal.com/2020/03/27/un-nouveau-proces-pour-le-policier-de-la-sq-qui-a-abattu-un-ado-a-sainte-adele-1,2021-07-03 11:52:50
Sainte-Adèle ,police OR Sûreté,15,Journal Accès,Covid-19 : Les élus craignent de tomber en zone rouge - Accès Laurentides,2020-10-06,270,https://www.journalacces.ca/covid-19-les-elus-craignent-de-tomber-en-zone-rouge/,2021-07-03 11:52:51
Sainte-Adèle ,police OR Sûreté,16,TVA Nouvelles,Un quadragénaire retrouvé cinq jours après sa disparition,2021-05-23,41,https://www.tvanouvelles.ca/2021/05/23/un-quadragenaire-disparait-a-sainte-adele,2021-07-03 11:52:51
Sainte-Adèle ,police OR Sûreté,17,Le Canada Français,Boucher a avoué avoir tué la victime aux policiers qui l'arrêtent,2021-05-06,58,https://www.canadafrancais.com/2021/05/06/boucher-a-avoue-avoir-tue-la-victime-aux-policiers-qui-larretent/,2021-07-03 11:52:51
Sainte-Adèle ,police OR Sûreté,18,Radio-Canada.ca,Procès du meurtre de Laurie-Anne Grenier : l'accusé dénoncé par sa mère,2021-05-04,60,https://ici.radio-canada.ca/nouvelle/1790438/proces-meurtre-laurie-anne-grenier,2021-07-03 11:52:51
Sainte-Adèle ,police OR Sûreté,19,Journal Accès,Manifestation contre le port du masque au primaire à Val-David - Accès Laurentides,2021-03-16,109,https://www.journalacces.ca/manifestation-contre-le-port-du-masque-au-primaire-a-val-david/,2021-07-03 11:52:51
Sainte-Adèle ,police OR Sûreté,20,ICI.Radio-Canada.ca,Finis les soupers au restaurant à Saint-Sauveur et à Mont-Tremblant | Coronavirus,2020-12-12,203,https://ici.radio-canada.ca/nouvelle/1756385/laurentides-zone-rouge-covid-19,2021-07-03 11:52:52
Sainte-Adèle ,police OR Sûreté,21,Journal Accès,Sainte-Adèle : Opération policière pour une personne en détresse - Accès Laurentides,,,https://www.journalacces.ca/sainte-adele-operation-policiere-pour-une-personne-en-detresse/,2021-07-03 11:52:52
Sainte-Adèle ,police OR Sûreté,22,LaPresse.ca,Sainte-Adèle: la police abat un conducteur qui fonçait sur un agent,,,https://www.lapresse.ca/actualites/justice-et-faits-divers/201401/22/01-4731366-sainte-adele-la-police-abat-un-conducteur-qui-foncait-sur-un-agent.php,2021-07-03 11:52:52
Sainte-Adèle ,police OR Sûreté,23,Journal Accès,Appel à la population : Disparition de Paul Michaud - Accès Laurentides,2021-04-19,75,https://www.journalacces.ca/disparition-de-paul-michaud-appel-a-la-population/,2021-07-03 11:52:52
Sainte-Adèle ,police OR Sûreté,24,Journal Accès,Une « mauvaise gestion » des chantiers à Sainte-Adèle - Accès Laurentides,2020-09-29,277,https://www.journalacces.ca/une-mauvaise-gestion-des-chantiers-a-sainte-adele/,2021-07-03 11:52:53
Sainte-Adèle ,police OR Sûreté,25,Le Journal de Montréal,Un véhicule fait des tonneaux sur l'A15: deux blessés,2021-01-08,176,https://www.journaldemontreal.com/2021/01/08/deux-blesses-apres-quun-vehicule-eut-fait-des-tonneaux-sur-la15,2021-07-03 11:52:53
Sainte-Adèle ,Cégep,1,Journal Accès,Une athlète d'ici reconnue en ski acrobatique - Accès Laurentides,2021-06-22,11,https://www.journalacces.ca/une-athlete-de-lecole-a-n-morin-reconnue-a-lechelle-provinciale-en-ski-acrobatique/,2021-07-03 11:52:59
Sainte-Adèle ,Cégep,2,Plume Libre Montcalm,Adèle Melançon-Caillé recrutée par l'Université de Moncton N.B.,2021-06-25,8,https://plumelibre.ca/index.php/toutes-les-municipalites/mrc-de-montcalm/sainte-marie-salome/ad%C3%A8le-m%C3%A9lancon-caill%C3%A9-recrut%C3%A9-par-l-universit%C3%A9-de-moncton-n-b,2021-07-03 11:53:00
Sainte-Adèle ,Cégep,3,Mon Matane,Éphémérides du 30 juin : une rue à Matane en mémoire de l'ex-député ministre Yves Bérubé en 2006,2021-06-30,3,https://monmatane.com/ephemerides-du-30-juin-une-rue-a-matane-en-memoire-de-lex-depute-ministre-yves-berube-en-2006/,2021-07-03 11:53:00
Sainte-Adèle ,Cégep,4,La Presse,La loi 101 au cégep ? | La Presse,2021-04-22,72,https://www.lapresse.ca/debats/courrier-des-lecteurs/2021-04-22/la-loi-101-au-cegep.php,2021-07-03 11:53:00
Sainte-Adèle ,Cégep,5,Journal Accès,Un premier Intercollégial des publications qui fait bonne impression! - Accès Laurentides,2021-04-27,67,https://www.journalacces.ca/un-premier-intercollegial-des-publications-qui-fait-bonne-impression/,2021-07-03 11:53:00
Sainte-Adèle ,Cégep,6,Journal Accès,La traite de personnes dans les Laurentides - Un phénomène peu connu - Accès Laurentides,2020-12-08,207,https://www.journalacces.ca/la-traite-de-personnes-dans-les-laurentides-un-phenomene-peu-connu/,2021-07-03 11:53:00
Sainte-Adèle ,Cégep,7,Journal Accès,L'éducation au Québec - Accès Laurentides,2021-05-25,39,https://www.journalacces.ca/leducation-au-quebec/,2021-07-03 11:53:00
Sainte-Adèle ,Cégep,8,Journal Accès,La bibliothèque du curé Labelle retrouvée - Accès Laurentides,2020-12-01,214,https://www.journalacces.ca/la-bibliotheque-du-cure-labelle-retrouvee/,2021-07-03 11:53:01
Sainte-Adèle ,Cégep,9,Echo Républicain,Sept lieux incontournables de la Nuit des musées en Eure-et-Loir,2021-07-02,1,https://www.lechorepublicain.fr/chartres-28000/loisirs/sept-lieux-incontournables-de-la-nuit-des-musees-en-eure-et-loir_13976548/,2021-07-03 11:53:01
Sainte-Adèle ,Cégep,10,Le Journal de Québec,Le Palmarès des écoles du Journal: voici le Top 5 de chaque région du Québec,2020-10-23,253,https://www.journaldequebec.com/2020/10/23/le-palmares-des-ecoles-du-journal-voici-le-top-5-de-chaque-region-du-quebec,2021-07-03 11:53:01
Sainte-Adèle ,Cégep,11,Journal Accès,Les plus gros employeurs de la région - Accès Laurentides,2021-03-23,102,https://www.journalacces.ca/les-plus-gros-employeurs-de-la-region/,2021-07-03 11:53:01
Sainte-Adèle ,Cégep,12,La Presse,Meurtre sur fond de stupéfiants à Sainte-Adèle,2020-10-16,260,https://www.lapresse.ca/actualites/justice-et-faits-divers/2020-10-16/meurtre-sur-fond-de-stupefiants-a-sainte-adele.php,2021-07-03 11:53:01
Sainte-Adèle ,Cégep,13,Journal Accès,Une rentrée en mode hybride au Cégep Saint-Jérôme - Accès Laurentides,2020-08-11,326,https://www.journalacces.ca/une-rentree-en-mode-hybride-au-cegep-saint-jerome/,2021-07-03 11:53:02
Sainte-Adèle ,Cégep,14,Journal Accès,Pont de la rue Notre-Dame : Les travaux seront faits cette année - Accès Laurentides,2021-04-20,74,https://www.journalacces.ca/affaires-municipales/,2021-07-03 11:53:02
Sainte-Adèle ,Cégep,15,Journal Accès,360 sur l'actualité - Accès Laurentides,2021-03-09,116,https://www.journalacces.ca/360-sur-lactualite-8/,2021-07-03 11:53:02
Sainte-Adèle ,Cégep,16,Journal Accès,La Sûreté du Québec au conseil municipal de Sainte-Adèle - Accès Laurentides,2020-09-22,284,https://www.journalacces.ca/la-surete-du-quebec-au-conseil-municipal-de-sainte-adele/,2021-07-03 11:53:02
Sainte-Adèle ,Cégep,17,Journal Accès,Cégep de Saint-Jérôme « L'art et tout ce qui n'en est pas » à deux festivals ce printemps - Accès Laurentides,2021-03-16,109,https://www.journalacces.ca/cegep-de-saint-jerome-lart-et-tout-ce-qui-nen-est-pas-a-deux-festivals-ce-printemps/,2021-07-03 11:53:02
Sainte-Adèle ,Cégep,18,Journal Accès,Un centenaire en pleine autonomie ! - Accès Laurentides,2021-03-16,109,https://www.journalacces.ca/un-centenaire-en-pleine-autonomie/,2021-07-03 11:53:03
Sainte-Adèle ,Cégep,19,Journal Accès,20 choses auxquelles nous avons hâte en 2021 - Accès Laurentides,2020-12-30,185,https://www.journalacces.ca/20-choses-auxquelles-nous-avons-hate-en-2021/,2021-07-03 11:53:03
Sainte-Adèle ,Cégep,20,Journal Accès,Le MAC LAU dévoile sa programmation pour le printemps et l'été - Accès Laurentides,2021-04-13,81,https://www.journalacces.ca/le-mac-lau-devoile-sa-programmation-pour-le-printemps-et-lete/,2021-07-03 11:53:03
Sainte-Adèle ,Cégep,21,Journal Accès,Trois joueurs des Pays-d'en-Haut réunis chez les Nordiques du Cégep Lionel-Groulx - Accès Laurentides,2020-09-01,305,https://www.journalacces.ca/trois-joueurs-des-pays-den-haut-reunis-chez-les-nordiques-du-cegep-lionel-groulx/,2021-07-03 11:53:03
Sainte-Adèle ,Cégep,22,Journal Accès,Le Cégep de Saint-Jérôme contribue à l'effort collectif pour contrer la crise du COVID dans la région - Accès Laurentides,,,https://www.journalacces.ca/le-cegep-de-saint-jerome-contribue-a-leffort-collectif-pour-contrer-la-crise-du-covid-dans-la-region/,2021-07-03 11:53:03
Sainte-Adèle ,Cégep,23,Journal Accès,Un deuxième long-métrage pour Philippe Cormier - Accès Laurentides,2021-06-01,32,https://www.journalacces.ca/un-deuxieme-long-metrage-pour-philippe-cormier/,2021-07-03 11:53:03
Sainte-Adèle ,Cégep,24,Radio-Canada.ca,Procès du meurtre de Laurie-Anne Grenier : l'accusé dénoncé par sa mère,2021-05-04,60,https://ici.radio-canada.ca/nouvelle/1790438/proces-meurtre-laurie-anne-grenier,2021-07-03 11:53:04
Sainte-Adèle ,Cégep,25,Journal Accès,Centre collégial permanent de Mont-Tremblant : c'est signé! - Accès Laurentides,2020-10-15,261,https://www.journalacces.ca/centre-collegial-permanent-de-mont-tremblant-cest-signe/,2021-07-03 11:53:04
Sainte-Adèle ,Centre de services scolaire OR Commission scolaire,1,Journal Accès,Des nouveaux modulaires à l'école Chante-au-Vent - Accès Laurentides,2021-06-08,25,https://www.journalacces.ca/ecole-chante-au-vent-des-modulaires-qui-font-jaser/,2021-07-03 11:53:11
Sainte-Adèle ,Centre de services scolaire OR Commission scolaire,2,Journal Accès,Nouvelle grève les 26 et 27 mai 2021- Fermeture des écoles - Accès Laurentides,2021-05-21,43,https://www.journalacces.ca/nouvelle-greve-les-26-et-27-mai-2021-fermeture-des-ecoles/,2021-07-03 11:53:11
Sainte-Adèle ,Centre de services scolaire OR Commission scolaire,3,Journal Accès,Propagation limitée du coronavirus à l'école secondaire École Augustin-Norbert-Morin - Accès Laurentides,2020-10-20,256,https://www.journalacces.ca/propagation-limitee-du-coronavirus-a-lecole-secondaire-ecole-augustin-norbert-morin/,2021-07-03 11:53:12
Sainte-Adèle ,Centre de services scolaire OR Commission scolaire,4,Journal Accès,Centre de services scolaires des Laurentides : Santé et réussite éducative - Accès Laurentides,2020-08-19,318,https://www.journalacces.ca/centre-de-services-scolaires-des-laurentides/,2021-07-03 11:53:12
Sainte-Adèle ,Centre de services scolaire OR Commission scolaire,5,Journal Accès,"La grève « mystère » du milieu de l'éducation oblige la fermeture des écoles, le mercredi 19 mai 2021. - Accès Laurentides",2021-05-17,47,https://www.journalacces.ca/la-greve-mystere-du-milieu-de-leducation-oblige-la-fermeture-des-ecoles-le-mercredi-19-mai-2021/,2021-07-03 11:53:12
Sainte-Adèle ,Centre de services scolaire OR Commission scolaire,6,Le Journal de Montréal,Plus d'une heure en retard à l'école,2020-09-04,302,https://www.journaldemontreal.com/2020/09/04/plus-dune-heure-en-retard-a-lecole,2021-07-03 11:53:12
Sainte-Adèle ,Centre de services scolaire OR Commission scolaire,7,Journal Accès,Une nouvelle école primaire planifiée à Val-David - Accès Laurentides,2021-02-23,130,https://www.journalacces.ca/prevision-scolaire-une-nouvelle-ecole-primaire-planifiee-a-val-david/,2021-07-03 11:53:12
Sainte-Adèle ,Centre de services scolaire OR Commission scolaire,8,Journal Accès,360 sur l'actualité : Édition du 26 mai - Accès Laurentides,2021-05-25,39,https://www.journalacces.ca/360-sur-lactualite-edition-du-26-mai/,2021-07-03 11:53:13
Sainte-Adèle ,Centre de services scolaire OR Commission scolaire,9,Journal Accès,Primaire et secondaire : Un taux de réussite encourageant - Accès Laurentides,2021-02-16,137,https://www.journalacces.ca/primaire-et-secondaire-un-taux-de-reussite-encourageant/,2021-07-03 11:53:13
Sainte-Adèle ,Centre de services scolaire OR Commission scolaire,10,Journal Accès,Investissement de 20 M$ : « Une goutte d'eau dans l'océan » - Accès Laurentides,2020-08-27,310,https://www.journalacces.ca/investissement-de-20-m-une-goutte-deau-dans-locean/,2021-07-03 11:53:13
Sainte-Adèle ,Centre de services scolaire OR Commission scolaire,11,Journal Accès,360 sur l'actualité - Accès Laurentides,2021-04-20,74,https://www.journalacces.ca/360-sur-lactualite-13/,2021-07-03 11:53:13
Sainte-Adèle ,Centre de services scolaire OR Commission scolaire,12,Journal Accès,Des élèves d'AN MORIN troublent le voisinage - Accès Laurentides,2020-09-09,297,https://www.journalacces.ca/des-eleves-dan-morin-troublent-le-voisinage/,2021-07-03 11:53:13
Sainte-Adèle ,Centre de services scolaire OR Commission scolaire,13,Journal Accès,"Val-David : La Sapinière, où on en est ? - Accès Laurentides",2021-05-25,39,https://www.journalacces.ca/val-david-la-sapiniere-ou-on-en-est%E2%80%89/,2021-07-03 11:53:14
Sainte-Adèle ,Centre de services scolaire OR Commission scolaire,14,Journal Accès,Les impacts d'un congé scolaire prolongé - Accès Laurentides,2020-11-17,228,https://www.journalacces.ca/noel-vs-covid-19/,2021-07-03 11:53:14
Sainte-Adèle ,Centre de services scolaire OR Commission scolaire,15,Journal Accès,Possible nouvel épisode de grève le 27 avril prochain - Accès Laurentides,2021-04-20,74,https://www.journalacces.ca/possible-nouvel-episode-de-greve-le-27-avril-prochain/,2021-07-03 11:53:14
Sainte-Adèle ,Centre de services scolaire OR Commission scolaire,16,Journal Accès,360 sur l'actualité : Édition du 28 avril 2021 - Accès Laurentides,2021-04-27,67,https://www.journalacces.ca/360-sur-lactualite-edition-du-28-avril-2021/,2021-07-03 11:53:14
Sainte-Adèle ,Centre de services scolaire OR Commission scolaire,17,Le Journal de Québec,Le Palmarès des écoles du Journal: voici le Top 5 de chaque région du Québec,2020-10-23,253,https://www.journaldequebec.com/2020/10/23/le-palmares-des-ecoles-du-journal-voici-le-top-5-de-chaque-region-du-quebec,2021-07-03 11:53:14
Sainte-Adèle ,Centre de services scolaire OR Commission scolaire,18,Journal Accès,Les plus gros employeurs de la région - Accès Laurentides,2021-03-23,102,https://www.journalacces.ca/les-plus-gros-employeurs-de-la-region/,2021-07-03 11:53:15
Sainte-Adèle ,Centre de services scolaire OR Commission scolaire,19,Journal Accès,Incident impliquant un autobus scolaire à Sainte-Agathe-des-Monts - Accès Laurentides,2020-09-16,290,https://www.journalacces.ca/incident-impliquant-un-autobus-scolaire-a-sainte-agathe-des-monts/,2021-07-03 11:53:15
Sainte-Adèle ,Centre de services scolaire OR Commission scolaire,20,Journal Accès,Augmentation des services à la Clinique médicale de Sainte-Adèle - Accès Laurentides,2021-04-12,82,https://www.journalacces.ca/augmentation-des-services-a-la-clinique-medicale-de-sainte-adele/,2021-07-03 11:53:15
Sainte-Adèle ,Centre de services scolaire OR Commission scolaire,21,Journal Le Nord,Route 117 : Des entraves à la circulation à prévoir,2020-09-22,284,https://www.journallenord.com/route-117-des-entraves-a-la-circulation-a-prevoir/,2021-07-03 11:53:15
Sainte-Adèle ,Centre de services scolaire OR Commission scolaire,22,Journal Accès,Pas de jupe à l'école secondaire Émilien-Frenette de Saint-Jérôme - Accès Laurentides,2020-10-27,249,https://www.journalacces.ca/pas-de-jupe-a-lecole-secondaire-emilien-frenette-de-saint-jerome/,2021-07-03 11:53:16
Sainte-Adèle ,Centre de services scolaire OR Commission scolaire,23,Ameq en ligne,Centre de services scolaire des Laurentides - Le Programme d'acquisition de compétences en entreprise se déploiera dans la MRC des Pays-d 'en-Haut et dans la MRC des Laurentides,2021-06-21,12,https://ameqenligne.com/article/education/niveau/primaire-secondaire/3/906316/le-programme-d-acquisition-de-competences-en-entreprise-se-deploiera-dans-la-mrc-des-pays-d-en-haut-et-dans-la-mrc-des-laurentides.html,2021-07-03 11:53:16
Sainte-Adèle ,Centre de services scolaire OR Commission scolaire,24,Journal Accès,Nomination à la direction générale de la Commission scolaire des Laurentides - Accès Laurentides,,,https://www.journalacces.ca/nomination-a-la-direction-generale-de-la-commission-scolaire-des-laurentides/,2021-07-03 11:53:16
Sainte-Adèle ,Centre de services scolaire OR Commission scolaire,25,Journal Accès,Tour d'horizon - Accès Laurentides,2020-12-23,192,https://www.journalacces.ca/tour-dhorizon-16/,2021-07-03 11:53:16
Sainte-Adèle ,CISSS OR CIUSSS,1,Journal Accès,Le CISSS des Laurentides comptera huit sites de vaccination - Accès Laurentides,2021-02-16,137,https://www.journalacces.ca/le-cisss-des-laurentides-comptera-huit-sites-de-vaccination/,2021-07-03 11:53:24
Sainte-Adèle ,CISSS OR CIUSSS,2,Journal Accès,COVID : le CISSS des Laurentides fait le point - Accès Laurentides,2021-04-08,86,https://www.journalacces.ca/covid-le-cisss-des-laurentides-fait-le-point-3/,2021-07-03 11:53:24
Sainte-Adèle ,CISSS OR CIUSSS,3,Journal Accès,Le CISSS des Laurentides se prépare à la vaccination de masse - Accès Laurentides,2021-02-18,135,https://www.journalacces.ca/le-cisss-des-laurentides-se-prepare-a-la-vaccination-de-masse/,2021-07-03 11:53:25
Sainte-Adèle ,CISSS OR CIUSSS,4,Journal Accès,Début de la vaccination COVID-19 dans la région - Accès Laurentides,2020-12-22,193,https://www.journalacces.ca/debut-de-la-vaccination-covid-19-dans-la-region/,2021-07-03 11:53:25
Sainte-Adèle ,CISSS OR CIUSSS,5,Journal Accès,Accueil des premiers résidents au nouveau CHSLD de Sainte-Adèle - Accès Laurentides,2020-09-29,277,https://www.journalacces.ca/accueil-des-premiers-residents-au-nouveau-chsld-de-sainte-adele/,2021-07-03 11:53:25
Sainte-Adèle ,CISSS OR CIUSSS,6,Journal Accès,Inégalités dans le processus de vaccination dans les Laurentides - Accès Laurentides,2021-03-10,115,https://www.journalacces.ca/inegalites-dans-le-processus-de-vaccination-dans-les-laurentides/,2021-07-03 11:53:25
Sainte-Adèle ,CISSS OR CIUSSS,7,Le Devoir,Sainte-Adèle dénonce l'opacité du CISSS régional,,,https://www.ledevoir.com/societe/sante/578377/sainte-adele-denonce-l-opacite-du-cisss-regional,2021-07-03 11:53:25
Sainte-Adèle ,CISSS OR CIUSSS,8,Journal Accès,COVID-19: le CISSS des Laurentides fait le point - Accès Laurentides,2020-12-11,204,https://www.journalacces.ca/covid-19-le-cisss-des-laurentides-fait-le-point/,2021-07-03 11:53:25
Sainte-Adèle ,CISSS OR CIUSSS,9,Journal Accès,COVID-19 - On s'attend à vacciner 500 000 personnes dans les Laurentides - Accès Laurentides,2021-01-19,165,https://www.journalacces.ca/covid-19-on-sattend-a-vacciner-500-000-personnes-dans-les-laurentides/,2021-07-03 11:53:26
Sainte-Adèle ,CISSS OR CIUSSS,10,Journal Accès,Tour d'horizon - Accès Laurentides,2021-01-12,172,https://www.journalacces.ca/tour-dhorizon-17/,2021-07-03 11:53:26
Sainte-Adèle ,CISSS OR CIUSSS,11,NecrologieCanada,BEZEAU Claude 1935 2020,2021-06-16,17,https://necrocanada.com/deces-2021/bezeau-claude-1935-2020/,2021-07-03 11:53:26
Sainte-Adèle ,CISSS OR CIUSSS,12,Journal Accès,COVID : Diminution soutenue des cas - Accès Laurentides,2021-06-01,32,https://www.journalacces.ca/covid-diminution-soutenue-des-cas/,2021-07-03 11:53:26
Sainte-Adèle ,CISSS OR CIUSSS,13,Journal Le Nord,Le CISSS des Laurentides accueille 453 nouveaux préposés en CHSLD,2020-10-01,275,https://www.journallenord.com/le-cisss-des-laurentides-accueille-453-nouveaux-preposes-en-chsld/,2021-07-03 11:53:26
Sainte-Adèle ,CISSS OR CIUSSS,14,Journal Accès,Des usagers ayant un trouble du spectre de l'autisme s'impliquent dans la communauté - Accès Laurentides,2021-05-04,60,https://www.journalacces.ca/cisss-des-laurentides-3/,2021-07-03 11:53:27
Sainte-Adèle ,CISSS OR CIUSSS,15,Journal Accès,Début de la vaccination de masse - Accès Laurentides,2021-03-02,123,https://www.journalacces.ca/debut-de-la-vaccination-de-masse/,2021-07-03 11:53:27
Sainte-Adèle ,CISSS OR CIUSSS,16,Journal Accès,Manque d'employés en santé : Au moins 50 professionnels déplacés - Accès Laurentides,2021-01-19,165,https://www.journalacces.ca/manque-demployes-en-sante-au-moins-50-professionnels-deplaces/,2021-07-03 11:53:27
Sainte-Adèle ,CISSS OR CIUSSS,17,Journal Accès,COVID-19 : Une diminution continue dans les Laurentides - Accès Laurentides,2021-05-13,51,https://www.journalacces.ca/covid-19-une-diminution-continue-dans-les-laurentides/,2021-07-03 11:53:27
Sainte-Adèle ,CISSS OR CIUSSS,18,Journal Accès,Début de la vaccination contre COVID-19 pour les résidents en CHSLD des Laurentides - Accès Laurentides,2021-01-07,177,https://www.journalacces.ca/debut-de-la-vaccination-contre-covid-19-pour-les-residents-en-chsld-des-laurentides/,2021-07-03 11:53:27
Sainte-Adèle ,CISSS OR CIUSSS,19,Journal Accès,COVID-19 : Hausse rapide des cas dans les Laurentides - Accès Laurentides,2021-04-13,81,https://www.journalacces.ca/covid-19-hausse-rapide-des-cas-dans-les-laurentides/,2021-07-03 11:53:28
Sainte-Adèle ,CISSS OR CIUSSS,20,Journal Accès,Les plus gros employeurs des Laurentides - Accès Laurentides,2021-03-23,102,https://www.journalacces.ca/les-plus-gros-employeurs-des-laurentides/,2021-07-03 11:53:28
Sainte-Adèle ,CISSS OR CIUSSS,21,Journal Accès,COVID-19 dans les Laurentides : Rivière-du-Nord est la MRC la plus touchée - Accès Laurentides,2021-04-28,66,https://www.journalacces.ca/covid-19-dans-les-laurentides-riviere-du-nord-est-la-mrc-la-plus-touchee/,2021-07-03 11:53:28
Sainte-Adèle ,CISSS OR CIUSSS,22,Journal Accès,Le nouveau CHSLD de Sainte-Adèle accueillerait des cas - Accès Laurentides,,,https://www.journalacces.ca/le-nouveau-chsld-de-sainte-adele-accueillerait-des-cas/,2021-07-03 11:53:28
Sainte-Adèle ,CISSS OR CIUSSS,23,Journal Accès,Deux hôpitaux des Laurentides dans la mire du ministre Dubé - Accès Laurentides,2020-08-26,311,https://www.journalacces.ca/deux-hopitaux-des-laurentides-dans-la-mire-du-ministre-dube/,2021-07-03 11:53:28
Sainte-Adèle ,CISSS OR CIUSSS,24,Journal Accès,Ouverture de la vaccination à tous - Accès Laurentides,2021-04-29,65,https://www.journalacces.ca/ouverture-de-la-vaccination-a-tous/,2021-07-03 11:53:29
Sainte-Adèle ,CISSS OR CIUSSS,25,Journal Accès,Fin de l'éclosion de COVID-19 à l'Hôpital Laurentien - Accès Laurentides,2020-10-21,255,https://www.journalacces.ca/fin-de-leclosion-de-covid-19-a-lhopital-laurentien/,2021-07-03 11:53:29
Sainte-Adèle ,maire OR mairesse,1,Journal Accès,Des membres du conseil de Sainte-Adèle en moins - Accès Laurentides,2021-06-08,25,https://www.journalacces.ca/sainte-adele-au-moins-trois-membres-du-conseil-ne-se-representeront-pas/,2021-07-03 11:53:35
Sainte-Adèle ,maire OR mairesse,2,Journal Accès,Trottoir à Sainte-Adèle - Accès Laurentides,2021-06-28,5,https://www.journalacces.ca/trottoir-a-sainte-adele/,2021-07-03 11:53:36
Sainte-Adèle ,maire OR mairesse,3,Journal Accès,En route vers les élections municipales - Accès Laurentides,2021-06-08,25,https://www.journalacces.ca/en-route-vers-les-elections-municipales-2/,2021-07-03 11:53:36
Sainte-Adèle ,maire OR mairesse,4,Journal Accès,Le Parc du Mont Loup-Garou ouvre officiellement - Accès Laurentides,2021-06-15,18,https://www.journalacces.ca/le-parc-du-mont-loup-garou-ouvre-officiellement/,2021-07-03 11:53:36
Sainte-Adèle ,maire OR mairesse,5,Journal Accès,Projet pilote pour les sentiers de Morin-Heights - Accès Laurentides,2021-06-08,25,https://www.journalacces.ca/projet-pilote-a-morin-heights/,2021-07-03 11:53:36
Sainte-Adèle ,maire OR mairesse,6,Journal Accès,Qui a construit le pont Shaw? - Partie 1 - Accès Laurentides,2021-06-15,18,https://www.journalacces.ca/qui-a-construit-le-pont-shaw-partie-1/,2021-07-03 11:53:36
Sainte-Adèle ,maire OR mairesse,7,TVA Nouvelles,Sainte-Adèle et Saint-Sauveur veulent des barrages,2020-11-12,233,https://www.tvanouvelles.ca/2020/11/12/sainte-adele-et-saint-sauveur-veulent-des-barrages,2021-07-03 11:53:36
Sainte-Adèle ,maire OR mairesse,8,Réseau d'Information Municipale,Sainte-Adèle - Ouverture officielle du Parc du Mont Loup-Garou - La concrétisation d'un grand rêve!,2021-06-14,19,https://rimq.qc.ca/article/municipal/categorie/parcs/79/904785/ouverture-officielle-du-parc-du-mont-loup-garou-la-concretisation-d-un-grand-reve-.html,2021-07-03 11:53:37
Sainte-Adèle ,maire OR mairesse,9,Le Journal de Montréal,Le Québec en 25 chansons,2021-06-19,14,https://www.journaldemontreal.com/2021/06/19/la-carte-du-quebec-en-20-chansons,2021-07-03 11:53:37
Sainte-Adèle ,maire OR mairesse,10,Journal Accès,Nadine Brière quitte la mairie pour mieux revenir - Accès Laurentides,2021-06-01,32,https://www.journalacces.ca/nadine-briere-quitte-pour-mieux-revenir/,2021-07-03 11:53:37
Sainte-Adèle ,maire OR mairesse,11,Journal Accès,La Sûreté du Québec au conseil municipal de Sainte-Adèle - Accès Laurentides,2020-09-22,284,https://www.journalacces.ca/la-surete-du-quebec-au-conseil-municipal-de-sainte-adele/,2021-07-03 11:53:37
Sainte-Adèle ,maire OR mairesse,12,Journal Accès,Lupien demande la destitution du conseilde Sainte-Adèle,2021-05-11,53,https://www.journalacces.ca/croix-de-sainte-adele-2/,2021-07-03 11:53:37
Sainte-Adèle ,maire OR mairesse,13,Journal Accès,Projet District La Rolland : La Ville de Sainte-Adèle attend des documents concrets - Accès Laurentides,2021-03-16,109,https://www.journalacces.ca/projet-district-la-rolland-la-ville-de-sainte-adele-attend-des-documents-concrets/,2021-07-03 11:53:38
Sainte-Adèle ,maire OR mairesse,14,Journal Accès,Un citoyen choqué à l'issu du conseil de Ville de Sainte-Adèle - Accès Laurentides,2021-04-27,67,https://www.journalacces.ca/un-citoyen-choque-a-lissu-du-conseil-de-ville-de-sainte-adele/,2021-07-03 11:53:38
Sainte-Adèle ,maire OR mairesse,15,Journal Accès,Sainte-Adèle en bref - Accès Laurentides,2021-05-18,46,https://www.journalacces.ca/sainte-adele-en-bref-5/,2021-07-03 11:53:38
Sainte-Adèle ,maire OR mairesse,16,Journal Accès,Les autorités locales exigent des actions du gouvernement provincial - Accès Laurentides,2020-11-10,235,https://www.journalacces.ca/les-autorites-locales-exigent-des-actions-du-gouvernement-provincial/,2021-07-03 11:53:38
Sainte-Adèle ,maire OR mairesse,17,La Presse,Sainte-Adèle limite l'accès à ses sentiers,2021-01-14,170,https://www.lapresse.ca/voyage/quebec-et-canada/2021-01-14/sainte-adele-limite-l-acces-a-ses-sentiers.php,2021-07-03 11:53:38
Sainte-Adèle ,maire OR mairesse,18,Journal Accès,Le conseiller municipal Pierre Lafond suspendu pour une période de 45 jours - Accès Laurentides,2020-11-18,227,https://www.journalacces.ca/le-conseiller-municipal-pierre-lafond-suspendu-pour-une-periode-de-45-jours/,2021-07-03 11:53:38
Sainte-Adèle ,maire OR mairesse,19,Journal Accès,Dossier de la croix à Sainte-Adèle : La Cour suprême rejette la demande de pourvoi du groupe Lupien - Accès Laurentides,2021-01-28,156,https://www.journalacces.ca/dossier-de-la-croix-a-sainte-adele-la-cour-supreme-du-canada-rejette-la-demande-de-pourvoi-du-groupe-lupien/,2021-07-03 11:53:39
Sainte-Adèle ,maire OR mairesse,20,Journal Accès,Sainte-Adèle : Report des travaux du PTI - Accès Laurentides,2021-02-16,137,https://www.journalacces.ca/sainte-adele-report-des-travaux-du-pti/,2021-07-03 11:53:39
Sainte-Adèle ,maire OR mairesse,21,Journal Accès,Une « mauvaise gestion » des chantiers à Sainte-Adèle - Accès Laurentides,2020-09-29,277,https://www.journalacces.ca/une-mauvaise-gestion-des-chantiers-a-sainte-adele/,2021-07-03 11:53:39
Sainte-Adèle ,maire OR mairesse,22,Journal Accès,Dossier de la Croix : Sainte-Adèle veut faire déclarer Lupien plaideur quérulent - Accès Laurentides,2021-05-19,45,https://www.journalacces.ca/dossier-de-la-croix-sainte-adele-veut-faire-declarer-lupien-plaideur-querulent/,2021-07-03 11:53:39
Sainte-Adèle ,maire OR mairesse,23,Journal Accès,Jacques Gariépy sollicitera un troisième mandat - Accès Laurentides,2021-03-23,102,https://www.journalacces.ca/jacques-gariepy-sollicitera-un-troisieme-mandat/,2021-07-03 11:53:39
Sainte-Adèle ,maire OR mairesse,24,Journal Accès,COVID-19 : Trois questions à la mairesse de Sainte-Adèle - Accès Laurentides,,,https://www.journalacces.ca/covid-19-trois-questions-a-la-mairesse-de-sainte-adele/,2021-07-03 11:53:40
Sainte-Adèle ,maire OR mairesse,25,Journal Accès,Les Rolland et les Laurentides - Partie 2 - Accès Laurentides,2021-02-23,130,https://www.journalacces.ca/les-rolland-et-les-laurentides-partie-2/,2021-07-03 11:53:40
Sainte-Adèle ,candidat,1,Journal Accès,En route vers les élections municipales - Accès Laurentides,2021-06-08,25,https://www.journalacces.ca/en-route-vers-les-elections-municipales-2/,2021-07-03 11:53:47
Sainte-Adèle ,candidat,2,Journal Accès,Des membres du conseil de Sainte-Adèle en moins - Accès Laurentides,2021-06-08,25,https://www.journalacces.ca/sainte-adele-au-moins-trois-membres-du-conseil-ne-se-representeront-pas/,2021-07-03 11:53:47
Sainte-Adèle ,candidat,3,Imaz Press Réunion,"[LIVE] Jour de vote : Département : réélu président, Cyrille Melchior appelle à une ""véritable passerelle"" avec la Région",2021-07-01,2,"https://www.ipreunion.com/actualites-reunion/reportage/2021/07/01/departementales-live-election-president-e,137475.html",2021-07-03 11:53:47
Sainte-Adèle ,candidat,4,Franceinfo,Départementales 2021 dans la Manche : les résultats du premier tour,2021-06-20,13,https://france3-regions.francetvinfo.fr/normandie/manche/direct-departementales-2021-dans-la-manche-les-resultats-du-premier-tour-2144209.html,2021-07-03 11:53:48
Sainte-Adèle ,candidat,5,Journal Accès,360 sur l'actualité : Édition du 26 mai - Accès Laurentides,2021-05-25,39,https://www.journalacces.ca/360-sur-lactualite-edition-du-26-mai/,2021-07-03 11:53:48
Sainte-Adèle ,candidat,6,Journal Accès,Jacques Gariépy sollicitera un 3e mandat à Saint-Sauveur - Accès Laurentides,2021-03-18,107,https://www.journalacces.ca/jacques-gariepy-sollicitera-un-3e-mandat-a-saint-sauveur/,2021-07-03 11:53:48
Sainte-Adèle ,candidat,7,Imaz Press Réunion,Changement à la tête de la pyramide inversée : Régionales : Huguette Bello renverse Didier Robert et le pousse vers la sortie,2021-06-28,5,"https://www.ipreunion.com/actualites-reunion/reportage/2021/06/28/elections-lundi-matin-regionales-departementales,137321.html",2021-07-03 11:53:48
Sainte-Adèle ,candidat,8,Clicanoo,[Politique] Tour de l'île des cantons,2021-06-18,15,https://clicanoo.re/Politique/Article/2021/06/18/Tour-de-lile-des-cantons_624666,2021-07-03 11:53:48
Sainte-Adèle ,candidat,9,Journal Accès,Inauguration de la murale de solidarité à Sainte-Adèle - Accès Laurentides,2020-10-16,260,https://www.journalacces.ca/inauguration-de-la-murale-de-solidarite-a-sainte-adele/,2021-07-03 11:53:49
Sainte-Adèle ,candidat,10,Imaz Press Réunion,Premier tour des élections (actualisé) : Départementales : trois binômes déjà élus,2021-06-21,12,"https://www.ipreunion.com/departementales-2021/reportage/2021/06/21/premier-tour-des-elections-actualise-departementales-trois-binomes-deja-elus,136986.html",2021-07-03 11:53:49
Sainte-Adèle ,candidat,11,Journal Accès,Démocratie et opposition - Accès Laurentides,2021-04-27,67,https://www.journalacces.ca/democratie-et-opposition/,2021-07-03 11:53:49
Sainte-Adèle ,candidat,12,Journal Accès,Saint-Sauveur : Possible campagne pour Luc Leblanc - Accès Laurentides,2021-02-02,151,https://www.journalacces.ca/elections-municipales-2021/,2021-07-03 11:53:49
Sainte-Adèle ,candidat,13,Ouest-France,Élections départementales. Saint-Lô : les jeunes saint-lois ont-ils voté ? bloqué,2021-06-24,9,https://www.ouest-france.fr/normandie/saint-lo-50000/elections-departementales-saint-lo-les-jeunes-saint-lois-ont-ils-vote-587b42b2-d448-11eb-a666-43bfa2f92df9,2021-07-03 11:53:49
Sainte-Adèle ,candidat,14,Journal Accès,Le CISSS des Laurentides comptera huit sites de vaccination - Accès Laurentides,2021-02-16,137,https://www.journalacces.ca/le-cisss-des-laurentides-comptera-huit-sites-de-vaccination/,2021-07-03 11:53:49
Sainte-Adèle ,candidat,15,Journal Accès,Conseil municipal de Sainte-Adèle : Démission de la conseillère Céline Doré - Accès Laurentides,,,https://www.journalacces.ca/conseil-municipal-de-sainte-adele-demission-de-la-conseillere-celine-dore/,2021-07-03 11:53:50
Sainte-Adèle ,candidat,16,LINFO.re,Départementales : qui sont les binômes au second tour ?,2021-06-25,8,https://www.linfo.re/la-reunion/politique/departementales-qui-sont-les-binomes-au-second-tour,2021-07-03 11:53:50
Sainte-Adèle ,candidat,17,LINFO.re,Les matchs des départementales : les grand cantons disputés,2021-06-18,15,https://www.linfo.re/la-reunion/politique/les-matchs-des-departementales-les-grand-cantons-disputes,2021-07-03 11:53:50
Sainte-Adèle ,candidat,18,Journal Accès,360 sur l'actualité : Édition du 5 mai 2021 - Accès Laurentides,2021-05-04,60,https://www.journalacces.ca/56367-2/,2021-07-03 11:53:50
Sainte-Adèle ,candidat,19,Journal Accès,Nathalie Rochon sollicitera un deuxième mandat - Accès Laurentides,2021-03-30,95,https://www.journalacces.ca/nathalie-rochon-sollicitera-un-deuxieme-mandat/,2021-07-03 11:53:51
Sainte-Adèle ,candidat,20,Journal Accès,Afflux de citoyens : La santé et l'environnement à l'enjeu dans les Pays-d'en-Haut - Accès Laurentides,2021-03-16,109,https://www.journalacces.ca/afflux-de-citoyens-la-sante-et-lenvironnement-a-lenjeu-dans-les-pays-den-haut/,2021-07-03 11:53:51
Sainte-Adèle ,candidat,21,LINFO.re,Départementales : les résultats canton par canton - LINFO.re,2021-06-20,13,https://www.linfo.re/la-reunion/politique/departementales-les-resultats-canton-par-canton,2021-07-03 11:53:51
Sainte-Adèle ,candidat,22,ICI.Radio-Canada.ca,Sainte-Adèle : un candidat pourrait être déclaré inhabile à exercer la fonction de maire,,,https://ici.radio-canada.ca/nouvelle/1065088/sainte-adele-robert-milot-manoeuvres-electorales-frauduleuse-elections-mairie-inhabile,2021-07-03 11:53:51
Sainte-Adèle ,candidat,23,Journal Accès,Élections municipales 2021 : Encourager les femmes à se lancer - Accès Laurentides,2020-11-17,228,https://www.journalacces.ca/elections-municipales-2021-encourager-les-femmes-a-se-lancer/,2021-07-03 11:53:52
Sainte-Adèle ,candidat,24,Clicanoo,[Politique] Départementales : les résultats définitifs canton par canton,2021-06-27,6,https://www.clicanoo.re/Politique/Article/2021/06/28/Departementales-les-resultats-definitifs-canton-par-canton_625521,2021-07-03 11:53:52
Sainte-Adèle ,candidat,25,LINFO.re,Départementales : ces conseillers départementaux se représentent - LINFO.re,2021-06-17,16,https://www.linfo.re/la-reunion/politique/departementales-ces-conseillers-departementaux-se-representent,2021-07-03 11:53:52
Sainte-Adèle ,préfet,1,Journal Accès,En route vers les élections municipales - Accès Laurentides,2021-06-08,25,https://www.journalacces.ca/en-route-vers-les-elections-municipales-2/,2021-07-03 11:53:59
Sainte-Adèle ,préfet,2,Journal Accès,Inégalités dans le processus de vaccination dans les Laurentides - Accès Laurentides,2021-03-10,115,https://www.journalacces.ca/inegalites-dans-le-processus-de-vaccination-dans-les-laurentides/,2021-07-03 11:53:59
Sainte-Adèle ,préfet,3,Journal Accès,Les autorités locales exigent des actions du gouvernement provincial - Accès Laurentides,2020-11-10,235,https://www.journalacces.ca/les-autorites-locales-exigent-des-actions-du-gouvernement-provincial/,2021-07-03 11:53:59
Sainte-Adèle ,préfet,4,Journal Accès,MRC des Pays-d'en-Haut : Un fonctionnaire de l'ONU songe à la préfecture - Accès Laurentides,2021-02-02,151,https://www.journalacces.ca/mrc-des-pays-den-haut-un-fonctionnaire-de-lonu-songe-a-la-prefecture/,2021-07-03 11:53:59
Sainte-Adèle ,préfet,5,Journal Accès,La préfecture pour les nuls - Accès Laurentides,2020-11-11,234,https://www.journalacces.ca/la-prefecture-pour-les-nuls/,2021-07-03 11:53:59
Sainte-Adèle ,préfet,6,Journal Accès,Sortie de terre : Le complexe sportif des Pays-d'en-Haut prend forme à Sainte-Adèle - Accès Laurentides,2021-03-16,109,https://www.journalacces.ca/sortie-de-terre-le-complexe-sportif-des-pays-den-haut-prend-forme-a-sainte-adele/,2021-07-03 11:54:00
Sainte-Adèle ,préfet,7,La Presse,Sainte-Adèle limite l'accès à ses sentiers,2021-01-14,170,https://www.lapresse.ca/voyage/quebec-et-canada/2021-01-14/sainte-adele-limite-l-acces-a-ses-sentiers.php,2021-07-03 11:54:00
Sainte-Adèle ,préfet,8,Journal Accès,Négociations autour de la gestion du secteur Montfort à Wentworth-Nord - Accès Laurentides,2021-04-27,67,https://www.journalacces.ca/negociations-autour-de-la-gestion-du-secteur-montfort-a-wentworth-nord/,2021-07-03 11:54:00
Sainte-Adèle ,préfet,9,Journal Accès,Santé : Les Laurentides souffrent de sous-financement - Accès Laurentides,2021-02-02,151,https://www.journalacces.ca/sante-les-laurentides-souffrent-de-sous-financement/,2021-07-03 11:54:00
Sainte-Adèle ,préfet,10,Journal Accès,Complexe sportif des Pays-d'en-Haut : L'achat de deux surfaceuses à glace provoque des réactions - Accès Laurentides,2021-01-12,172,https://www.journalacces.ca/les-couts-dachats-de-deux-surfaceuses-a-glace-au-coeur-des-reflexions/,2021-07-03 11:54:00
Sainte-Adèle ,préfet,11,Journal Accès,La MRC des Pays-d'en-Haut pourrait passer en zone rouge - Accès Laurentides,2020-10-06,270,https://www.journalacces.ca/la-mrc-des-pays-den-haut-pourrait-passer-en-zone-rouge/,2021-07-03 11:54:01
Sainte-Adèle ,préfet,12,Journal Accès,Covid-19 : Les élus craignent de tomber en zone rouge - Accès Laurentides,2020-10-06,270,https://www.journalacces.ca/covid-19-les-elus-craignent-de-tomber-en-zone-rouge/,2021-07-03 11:54:01
Sainte-Adèle ,préfet,13,Journal Accès,L'ouverture des restaurants en zone rouge réclamée - Accès Laurentides,2020-12-08,207,https://www.journalacces.ca/louverture-des-restaurants-en-zone-rouge-reclamee/,2021-07-03 11:54:01
Sainte-Adèle ,préfet,14,Journal Accès,360 sur l'actualité : Édition du 19 mai 2021 - Accès Laurentides,2021-05-18,46,https://www.journalacces.ca/360-sur-lactualite-edition-du-19-mai-2021/,2021-07-03 11:54:01
Sainte-Adèle ,préfet,15,Journal Accès,Afflux de citoyens : La santé et l'environnement à l'enjeu dans les Pays-d'en-Haut - Accès Laurentides,2021-03-16,109,https://www.journalacces.ca/afflux-de-citoyens-la-sante-et-lenvironnement-a-lenjeu-dans-les-pays-den-haut/,2021-07-03 11:54:01
Sainte-Adèle ,préfet,16,Journal Accès,Départ de la MRC-RDN : Prévost ne veut pas placer la charrue devant les bœufs - Accès Laurentides,2021-01-21,163,https://www.journalacces.ca/depart-de-la-mrc-rdn-prevost-ne-veut-pas-placer-la-charrue-devant-les-boeufs/,2021-07-03 11:54:01
Sainte-Adèle ,préfet,17,Journal Accès,Les Pays-d'en-Haut en zone rouge : Les élus sont déçus - Accès Laurentides,2020-12-16,199,https://www.journalacces.ca/les-pays-den-haut-en-zone-rouge-les-elus-sont-decus/,2021-07-03 11:54:02
Sainte-Adèle ,préfet,18,Journal Accès,Le CISSS des Laurentides comptera huit sites de vaccination - Accès Laurentides,2021-02-16,137,https://www.journalacces.ca/le-cisss-des-laurentides-comptera-huit-sites-de-vaccination/,2021-07-03 11:54:02
Sainte-Adèle ,préfet,19,Journal Accès,MRC des Pays-d'en-Haut : Près de 11 millions $ pour l'année 2021 - Accès Laurentides,2020-12-01,214,https://www.journalacces.ca/mrc-des-pays-den-haut-pres-de-11-millions-pour-lannee-2021/,2021-07-03 11:54:02
Sainte-Adèle ,préfet,20,Journal Accès,"Protéger notre patrimoine, mais comment? - Accès Laurentides",2020-12-08,207,https://www.journalacces.ca/proteger-notre-patrimoine-mais-comment/,2021-07-03 11:54:02
Sainte-Adèle ,préfet,21,Journal Accès,La Sûreté du Québec au conseil municipal de Sainte-Adèle - Accès Laurentides,2020-09-22,284,https://www.journalacces.ca/la-surete-du-quebec-au-conseil-municipal-de-sainte-adele/,2021-07-03 11:54:02
Sainte-Adèle ,préfet,22,Journal Accès,Prévost veut divorcer de la MRC de La Rivière-du-Nord - Accès Laurentides,2021-01-19,165,https://www.journalacces.ca/prevost-veut-divorcer-de-la-mrc-de-la-riviere-du-nord/,2021-07-03 11:54:02
Sainte-Adèle ,préfet,23,Journal Accès,Urgence d'agir pour la santé des Laurentides - Accès Laurentides,2021-04-27,67,https://www.journalacces.ca/urgence-dagir-pour-la-sante-des-laurentides/,2021-07-03 11:54:03
Sainte-Adèle ,préfet,24,Journal Accès,Crise du logement : Qu'arrivera-t-il le 1er juillet ? - Accès Laurentides,2021-06-01,32,https://www.journalacces.ca/crise-du-logement-quarrivera-t-il-le-1er-juillet/,2021-07-03 11:54:03
Sainte-Adèle ,préfet,25,Journal Accès,Début des travaux du futur Complexe sportif de la MRC des Pays-d'en-Haut - Accès Laurentides,2020-07-26,342,https://www.journalacces.ca/debut-des-travaux-du-futur-complexe-sportif-de-la-mrc-des-pays-den-haut/,2021-07-03 11:54:03
Sainte-Adèle ,travaux routiers,1,Journal Le Nord,Route 117 : Des entraves à la circulation à prévoir,2020-09-22,284,https://www.journallenord.com/route-117-des-entraves-a-la-circulation-a-prevoir/,2021-07-03 11:54:10
Sainte-Adèle ,travaux routiers,2,Journal Accès,Les limites du pouvoir municipal - Accès Laurentides,2020-11-03,242,https://www.journalacces.ca/les-limites-du-pouvoir-municipal/,2021-07-03 11:54:10
Sainte-Adèle ,travaux routiers,3,Journal Accès,140 M$ pour les Laurentides - Accès Laurentides,,,https://www.journalacces.ca/140-m-pour-les-laurentides/,2021-07-03 11:54:11
Sainte-Adèle ,travaux routiers,4,Journal Accès,Les autorités locales exigent des actions du gouvernement provincial - Accès Laurentides,2020-11-10,235,https://www.journalacces.ca/les-autorites-locales-exigent-des-actions-du-gouvernement-provincial/,2021-07-03 11:54:11
Sainte-Adèle ,travaux routiers,5,Journal Accès,360 sur l'actualité : Édition du 19 mai 2021 - Accès Laurentides,2021-05-18,46,https://www.journalacces.ca/360-sur-lactualite-edition-du-19-mai-2021/,2021-07-03 11:54:11
Sainte-Adèle ,travaux routiers,6,Journal Accès,Un barrage routier pour la Covid-19 à Sainte-Adèle - Accès Laurentides,,,https://www.journalacces.ca/un-barrage-routier-pour-la-covid-19-a-sainte-adele/,2021-07-03 11:54:11
Sainte-Adèle ,travaux routiers,7,Journal Accès,Des élèves d'AN MORIN troublent le voisinage - Accès Laurentides,2020-09-09,297,https://www.journalacces.ca/des-eleves-dan-morin-troublent-le-voisinage/,2021-07-03 11:54:12
Sainte-Adèle ,travaux routiers,8,Journal Accès,Autoroute 15 nord : Enfin un nouveau pont à Sainte-Adèle! - Accès Laurentides,,,https://www.journalacces.ca/autoroute-15-nord-enfin-un-nouveau-pont-a-sainte-adele/,2021-07-03 11:54:12
Sainte-Adèle ,travaux routiers,9,Journal Le Nord,Les personnalités publiques qui se sont démarquées (Pour les bonnes ou les mauvaises raisons),2020-12-30,185,https://www.journallenord.com/les-personnalites-publiques-qui-se-sont-demarquees-pour-les-bonnes-ou-les-mauvaises-raisons/,2021-07-03 11:54:12
Sainte-Adèle ,travaux routiers,10,CNW Telbec,"Communiqué En Bref du 7 mai : principales entraves sur le réseau autoroutier de la région de Montréal, ce soir et la fin de semaine",2021-05-07,57,https://www.newswire.ca/fr/news-releases/communique-en-bref-du-7-mai-principales-entraves-sur-le-reseau-autoroutier-de-la-region-de-montreal-ce-soir-et-la-fin-de-semaine-864850289.html,2021-07-03 11:54:12
Sainte-Adèle ,travaux routiers,11,Journal Accès,Association de protection du lac Millette : Les membres sonnent à nouveau l'alarme - Accès Laurentides,,,https://www.journalacces.ca/association-de-protection-du-lac-millette-les-membres-sonnent-a-nouveau-lalarme/,2021-07-03 11:54:12
Sainte-Adèle ,travaux routiers,12,TopoLocal,L'autoroute 15 Sud fermée à Sainte-Adèle,,,https://www.topolocal.ca/2017/05/02/autoroute-15-sud-fermee-nuit-sainte-adele/,2021-07-03 11:54:12
Sainte-Adèle ,travaux routiers,13,LaPresse.ca,Colère et déception dans les Hautes-Laurentides,,,https://www.lapresse.ca/actualites/regional/201803/13/01-5157062-colere-et-deception-dans-les-hautes-laurentides.php,2021-07-03 11:54:13
Sainte-Adèle ,travaux routiers,14,Journal Accès,"Valérie Maisonneuve : Enseignante au CFTR, elle a conduit des camions lourds - Accès Laurentides",2021-03-23,102,https://www.journalacces.ca/valerie-maisonneuve-enseignante-au-cftr-elle-a-conduit-des-camions-lourds/,2021-07-03 11:54:13
Sainte-Adèle ,travaux routiers,15,Journal Accès,"1,4 M$ pour améliorer le réseau routier de la circonscription de Bertrand - Accès Laurentides",,,https://www.journalacces.ca/14-m-pour-ameliorer-le-reseau-routier-de-la-circonscription-de-bertrand/,2021-07-03 11:54:13
Sainte-Adèle ,travaux routiers,16,TVA Nouvelles,Un automobiliste torontois meurt écrasé par un panneau routier,2021-04-27,67,https://www.tvanouvelles.ca/2021/04/27/un-automobiliste-torontois-meurt-ecrase-par-un-panneau-routier-1,2021-07-03 11:54:13
Sainte-Adèle ,travaux routiers,17,Le Journal de Québec,Voici 15 des pires routes du Québec,,,https://www.journaldequebec.com/2019/08/24/voici-15-des-pires-routes-du-quebec,2021-07-03 11:54:13
Sainte-Adèle ,travaux routiers,18,TVA Nouvelles,Un motocycliste perd la vie dans une zone de travaux sur l'A-440 à Laval,2020-09-23,283,https://www.tvanouvelles.ca/2020/09/23/un-motocycliste-perd-la-vie-dans-une-zone-de-travaux-sur-la-440-a-laval-1,2021-07-03 11:54:14
Sainte-Adèle ,travaux routiers,19,Réseau d'Information Municipale,Directeur(trice) des services techniques - Municipalité de L'Île-d'Anticosti,2021-04-07,87,https://rimq.qc.ca/offre/emplois/municipal/250175/municipalite-de-l-ile-d-anticosti/postes-techniques/cote-nord/directeur-trice-des-services-techniques.html,2021-07-03 11:54:14
Sainte-Adèle ,travaux routiers,20,Journal Accès,Infrastructures routières : Sainte-Anne-Des-Lacs se dit abandonnée par le MTQ - Accès Laurentides,,,https://www.journalacces.ca/infrastructures-routieres-sainte-anne-des-lacs-se-dit-abandonnee-par-le-mtq/,2021-07-03 11:54:14
Sainte-Adèle ,travaux routiers,21,Journal Accès,Inondations : La région des Laurentides fortement affectée - Accès Laurentides,,,https://www.journalacces.ca/inondations-la-region-des-laurentides-fortement-affectee/,2021-07-03 11:54:14
Sainte-Adèle ,travaux routiers,22,Le Canada Français,Boucher explique comment il en serait venu à causer le mort de la victime,2021-05-08,56,https://www.canadafrancais.com/2021/05/08/boucher-explique-comment-il-en-serait-venu-a-causer-le-mort-de-la-victime/,2021-07-03 11:54:15
Sainte-Adèle ,travaux routiers,23,TopoLocal,Pas besoin d'aller à Montréal pour voir des cônes orange,,,https://www.topolocal.ca/2016/08/17/pas-besoin-montreal-cones-orange/,2021-07-03 11:54:15
Sainte-Adèle ,travaux routiers,24,Journal Accès,0 % d'intérêt sur les comptes de taxes et maintien des services municipaux essentiels - Accès Laurentides,,,https://www.journalacces.ca/0-dinteret-sur-les-comptes-de-taxes-et-maintien-des-services-municipaux-essentiels/,2021-07-03 11:54:15
Sainte-Adèle ,travaux routiers,25,Journal Accès,Saint-Sauveur : Mise en chantier de plusieurs projets - Accès Laurentides,,,https://www.journalacces.ca/saint-sauveur-mise-en-chantier-de-plusieurs-projets/,2021-07-03 11:54:15
Sainte-Adèle ,autobus OR tramway,1,Journal Accès,Comment développer le transport collectif dans les Laurentides? - Accès Laurentides,2021-04-20,74,https://www.journalacces.ca/comment-developper-le-transport-collectif-dans-les-laurentides/,2021-07-03 11:54:22
Sainte-Adèle ,autobus OR tramway,2,Journal Accès,Suivre son autobus en temps réel - Accès Laurentides,2020-12-16,199,https://www.journalacces.ca/suivre-son-autobus-en-temps-reel/,2021-07-03 11:54:22
Sainte-Adèle ,autobus OR tramway,3,Le Journal de Montréal,Plus d'une heure en retard à l'école,2020-09-04,302,https://www.journaldemontreal.com/2020/09/04/plus-dune-heure-en-retard-a-lecole,2021-07-03 11:54:22
Sainte-Adèle ,autobus OR tramway,4,Journal Accès,Sainte-Adèle limite l'accès à ses sentiers - Accès Laurentides,2021-01-12,172,https://www.journalacces.ca/sentiers-bondes-sainte-adele-limite-lacces-a-ses-parcs/,2021-07-03 11:54:22
Sainte-Adèle ,autobus OR tramway,5,Journal Accès,La belle histoire des Laurentides | Chapitre 4 - Accès Laurentides,2021-03-16,109,https://www.journalacces.ca/la-belle-histoire-des-laurentides-chapitre-4/,2021-07-03 11:54:23
Sainte-Adèle ,autobus OR tramway,6,Journal Accès,Électrification des transports : Où en sommes-nous? - Accès Laurentides,2020-12-01,214,https://www.journalacces.ca/electrification-des-transports-ou-en-sommes-nous/,2021-07-03 11:54:23
Sainte-Adèle ,autobus OR tramway,7,Journal Accès,Propagation limitée du coronavirus à l'école secondaire École Augustin-Norbert-Morin - Accès Laurentides,2020-10-20,256,https://www.journalacces.ca/propagation-limitee-du-coronavirus-a-lecole-secondaire-ecole-augustin-norbert-morin/,2021-07-03 11:54:23
Sainte-Adèle ,autobus OR tramway,8,Journal Accès,Les futures voies réservées sur l'autoroute 15 suscitent du scepticisme - Accès Laurentides,2020-11-03,242,https://www.journalacces.ca/les-futures-voies-reservees-suscitent-du-scepticisme/,2021-07-03 11:54:23
Sainte-Adèle ,autobus OR tramway,9,Journal Accès,Amazon acquiert des véhicules de la Compagnie Électrique Lion - Accès Laurentides,2021-01-12,172,https://www.journalacces.ca/amazon-acquiert-des-vehicules-de-la-compagnie-electrique-lion/,2021-07-03 11:54:23
Sainte-Adèle ,autobus OR tramway,10,Journal Accès,Incident impliquant un autobus scolaire à Sainte-Agathe-des-Monts - Accès Laurentides,2020-09-16,290,https://www.journalacces.ca/incident-impliquant-un-autobus-scolaire-a-sainte-agathe-des-monts/,2021-07-03 11:54:24
Sainte-Adèle ,autobus OR tramway,11,Journal Accès,Une pétition pour la vitesse sur la rue Morin à Sainte-Adèle - Accès Laurentides,2020-08-18,319,https://www.journalacces.ca/une-petition-pour-la-vitesse-sur-la-rue-morin-a-sainte-adele/,2021-07-03 11:54:24
Sainte-Adèle ,autobus OR tramway,12,Journal Accès,Express du Nord MTL – Laurentides : Et si tu prenais le bus ? - Accès Laurentides,,,https://www.journalacces.ca/express-du-nord-mtl-laurentides/,2021-07-03 11:54:24
Sainte-Adèle ,autobus OR tramway,13,Le Journal de Montréal,Boucher a aussitôt avoué son meurtre | JDM,2021-05-06,58,https://www.journaldemontreal.com/2021/05/06/boucher-a-aussitot-avoue-son-meurtre,2021-07-03 11:54:24
Sainte-Adèle ,autobus OR tramway,14,Le Canada Français,Boucher explique comment il en serait venu à causer le mort de la victime,2021-05-08,56,https://www.canadafrancais.com/2021/05/08/boucher-explique-comment-il-en-serait-venu-a-causer-le-mort-de-la-victime/,2021-07-03 11:54:24
Sainte-Adèle ,autobus OR tramway,15,Géo Plein Air,Le retour du train des neiges,,,https://www.geopleinair.com/reportage/le-retour-du-train-des-neiges/,2021-07-03 11:54:24
Sainte-Adèle ,autobus OR tramway,16,Journal Accès,Annulation des examens ministériels et changement de pondération - Accès Laurentides,2021-01-08,176,https://www.journalacces.ca/annulation-des-examens-ministeriels-et-changement-de-ponderation/,2021-07-03 11:54:25
Sainte-Adèle ,autobus OR tramway,17,Journal Accès,L'Inter des Laurentides maintient son service - Accès Laurentides,,,https://www.journalacces.ca/linter-des-laurentides-maintient-son-service/,2021-07-03 11:54:25
Sainte-Adèle ,autobus OR tramway,18,Journal Accès,L'INTER adopte son horaire de fin de semaine pour un temps indéterminé - Accès Laurentides,,,https://www.journalacces.ca/linter-adopte-son-horaire-de-fin-de-semaine-pour-un-temps-indetermine/,2021-07-03 11:54:25
Sainte-Adèle ,autobus OR tramway,19,Journal Accès,"Depuis trois ans, une augmentation de l'intérêt des filles en transport routier - Accès Laurentides",2021-03-23,102,https://www.journalacces.ca/depuis-trois-ans-une-augmentation-de-linteret-des-filles-en-transport-routier/,2021-07-03 11:54:25
Sainte-Adèle ,autobus OR tramway,20,Journal Accès,Motoneige : Changement de clientèle et de tracés fédérés - Accès Laurentides,2020-12-01,214,https://www.journalacces.ca/motoneige-2020-2021-changement-de-clientele-et-de-traces-federes-pour-amorcer-la-saison-hivernale/,2021-07-03 11:54:25
Sainte-Adèle ,autobus OR tramway,21,Journal Accès,Les camps de vacances seront ouverts cet été - Accès Laurentides,2021-05-11,53,https://www.journalacces.ca/les-camps-de-vacances-seront-ouverts-cet-ete/,2021-07-03 11:54:25
Sainte-Adèle ,autobus OR tramway,22,Journal Accès,Projet de loi 66 : Plusieurs projets pour les Laurentides - Accès Laurentides,2020-09-29,277,https://www.journalacces.ca/projet-de-loi-66-plusieurs-projets-pour-les-laurentides/,2021-07-03 11:54:26
Sainte-Adèle ,autobus OR tramway,23,Journal Accès,Centre de services scolaires des Laurentides : Santé et réussite éducative - Accès Laurentides,2020-08-19,318,https://www.journalacces.ca/centre-de-services-scolaires-des-laurentides/,2021-07-03 11:54:26
Sainte-Adèle ,autobus OR tramway,24,TVA Nouvelles,«Star Académie 2021»: à la recherche de l'académie!,,,https://www.tvanouvelles.ca/2020/05/13/star-academie-2021-a-la-recherche-de-lacademie-1,2021-07-03 11:54:26
Sainte-Adèle ,autobus OR tramway,25,Journal Accès,Tout quitter et prendre la route - Accès Laurentides,2021-04-06,88,https://www.journalacces.ca/tout-quitter-et-prendre-la-route/,2021-07-03 11:54:26
Sainte-Adèle ,météo,1,MétéoMédia,Tempête de Noël : inondations rapportées et records de chaleur,2020-12-26,189,https://www.meteomedia.com/ca/nouvelles/article/deux-systemes-foncent-vers-le-quebec,2021-07-03 11:54:33
Sainte-Adèle ,météo,2,Journal Accès,Dossier de la croix à Sainte-Adèle : La Cour suprême rejette la demande de pourvoi du groupe Lupien - Accès Laurentides,2021-01-28,156,https://www.journalacces.ca/dossier-de-la-croix-a-sainte-adele-la-cour-supreme-du-canada-rejette-la-demande-de-pourvoi-du-groupe-lupien/,2021-07-03 11:54:34
Sainte-Adèle ,météo,3,Journal Accès,Un citoyen choqué à l'issu du conseil de Ville de Sainte-Adèle - Accès Laurentides,2021-04-27,67,https://www.journalacces.ca/un-citoyen-choque-a-lissu-du-conseil-de-ville-de-sainte-adele/,2021-07-03 11:54:34
Sainte-Adèle ,météo,4,Journal Accès,Projet District La Rolland : La Ville de Sainte-Adèle attend des documents concrets - Accès Laurentides,2021-03-16,109,https://www.journalacces.ca/projet-district-la-rolland-la-ville-de-sainte-adele-attend-des-documents-concrets/,2021-07-03 11:54:34
Sainte-Adèle ,météo,5,Journal Accès,Des ruines découvertes à Sainte-Adèle - Accès Laurentides,2020-12-08,207,https://www.journalacces.ca/des-ruines-decouvertes-a-sainte-adele/,2021-07-03 11:54:34
Sainte-Adèle ,météo,6,Journal Accès,Sainte-Adèle : Report des travaux du PTI - Accès Laurentides,2021-02-16,137,https://www.journalacces.ca/sainte-adele-report-des-travaux-du-pti/,2021-07-03 11:54:35
Sainte-Adèle ,météo,7,TVA Nouvelles,Sainte-Adèle et Saint-Sauveur veulent des barrages,2020-11-12,233,https://www.tvanouvelles.ca/2020/11/12/sainte-adele-et-saint-sauveur-veulent-des-barrages,2021-07-03 11:54:35
Sainte-Adèle ,météo,8,Journal Accès,Les nouvelles de nos sentiers - Accès Laurentides,2021-01-12,172,https://www.journalacces.ca/les-nouvelles-de-nos-sentiers-4/,2021-07-03 11:54:35
Sainte-Adèle ,météo,9,La Presse,Les pays d'en haut | Sainte-Adèle-la-Moderne !,2021-01-14,170,https://www.lapresse.ca/arts/television/2021-01-14/les-pays-d-en-haut/sainte-adele-la-moderne.php,2021-07-03 11:54:35
Sainte-Adèle ,météo,10,Journal Accès,Les nouvelles de nos sentiers - Édition du 5 mai - Accès Laurentides,2021-05-04,60,https://www.journalacces.ca/les-nouvelles-de-nos-sentiers-12/,2021-07-03 11:54:35
Sainte-Adèle ,météo,11,Journal Accès,Parc du Mont Loup-Garou : Financement bouclé - Accès Laurentides,2020-10-13,263,https://www.journalacces.ca/parc-du-mont-loup-garou/,2021-07-03 11:54:36
Sainte-Adèle ,météo,12,Journal Accès,Une « mauvaise gestion » des chantiers à Sainte-Adèle - Accès Laurentides,2020-09-29,277,https://www.journalacces.ca/une-mauvaise-gestion-des-chantiers-a-sainte-adele/,2021-07-03 11:54:36
Sainte-Adèle ,météo,13,Le Journal de Québec,Sainte-Adèle: impressionnant domaine privé à vendre,2021-03-16,109,https://www.journaldequebec.com/2021/03/16/sainte-adele-impressionnant-domaine-prive-a-vendre,2021-07-03 11:54:36
Sainte-Adèle ,météo,14,Journal Accès,Sainte-Adèle en bref - Accès Laurentides,2021-05-18,46,https://www.journalacces.ca/sainte-adele-en-bref-5/,2021-07-03 11:54:36
Sainte-Adèle ,météo,15,Journal Accès,Les Rolland et les Laurentides - Partie 2 - Accès Laurentides,2021-02-23,130,https://www.journalacces.ca/les-rolland-et-les-laurentides-partie-2/,2021-07-03 11:54:36
Sainte-Adèle ,météo,16,Journal Accès,Un premier Intercollégial des publications qui fait bonne impression! - Accès Laurentides,2021-04-27,67,https://www.journalacces.ca/un-premier-intercollegial-des-publications-qui-fait-bonne-impression/,2021-07-03 11:54:36
Sainte-Adèle ,météo,17,Le Journal de Québec,[EN IMAGES] Stéphane Rousseau vend sa maison de Sainte-Adèle pour 2 550 000$,2020-08-12,325,https://www.journaldequebec.com/2020/08/12/stephane-rousseau-vend-sa-maison-de-sainte-adele-pour-2-550-000,2021-07-03 11:54:37
Sainte-Adèle ,météo,18,Mon Joliette,La rivière L'Assomption sort de son lit Accueil,2021-03-27,98,https://monjoliette.com/la-riviere-lassomption-sort-de-son-lit/,2021-07-03 11:54:37
Sainte-Adèle ,météo,19,Journal Accès,Sainte-Adèle : Un sens unique soulève du mécontentement - Accès Laurentides,2020-11-24,221,https://www.journalacces.ca/sainte-adele-en-bref-2/,2021-07-03 11:54:37
Sainte-Adèle ,météo,20,Journal Accès,Sainte-Adèle limite l'accès à ses sentiers - Accès Laurentides,2021-01-12,172,https://www.journalacces.ca/sentiers-bondes-sainte-adele-limite-lacces-a-ses-parcs/,2021-07-03 11:54:37
Sainte-Adèle ,météo,21,Journal Accès,Le phénomène derrière les Fatbikes - Accès Laurentides,2020-11-17,228,https://www.journalacces.ca/le-phenomene-derriere-les-fitbikes/,2021-07-03 11:54:38
Sainte-Adèle ,météo,22,Journal Accès,Dossier de la Croix : Sainte-Adèle veut faire déclarer Lupien plaideur quérulent - Accès Laurentides,2021-05-19,45,https://www.journalacces.ca/dossier-de-la-croix-sainte-adele-veut-faire-declarer-lupien-plaideur-querulent/,2021-07-03 11:54:38
Sainte-Adèle ,météo,23,Journal Accès,Augmentation des services à la Clinique médicale de Sainte-Adèle - Accès Laurentides,2021-04-12,82,https://www.journalacces.ca/augmentation-des-services-a-la-clinique-medicale-de-sainte-adele/,2021-07-03 11:54:38
Sainte-Adèle ,météo,24,Le Journal de Montréal,Un véhicule fait des tonneaux sur l'A15: deux blessés,2021-01-08,176,https://www.journaldemontreal.com/2021/01/08/deux-blesses-apres-quun-vehicule-eut-fait-des-tonneaux-sur-la15,2021-07-03 11:54:38
Sainte-Adèle ,météo,25,Journal Accès,Une radio communautaire verra le jour à Sainte-Adèle - Accès Laurentides,2021-02-09,144,https://www.journalacces.ca/sainte-adele-robert-sirois-entend-donner-une-voix-communautaire-aux-laurentides/,2021-07-03 11:54:39
