Villes,Mots-clés,position du média,Nom du média,Titre de l'article,Date de publication,Journée de différence,URL,date et heure saisie,type mot-clés
Kuujjuaq,accident,1,La Presse,Deux morts et un blessé après une attaque à Kuujjuaq,2021-02-05,168,https://www.lapresse.ca/actualites/justice-et-faits-divers/2021-02-05/deux-morts-et-un-blesse-apres-une-attaque-a-kuujjuaq.php,2021-07-23 12:30:03,local
Kuujjuaq,accident,2,TVA Nouvelles,Un jeune de 5 ans atteint par balle son petit frère à Kuujjuaq,2021-03-05,140,https://www.tvanouvelles.ca/2021/03/05/un-jeune-de-5-ans-atteint-par-balle-son-petit-frere-a-kuujjuaq-1,2021-07-23 12:30:03,local
Kuujjuaq,accident,3,ICI.Radio-Canada.ca,Les dessous du meurtre de Chloé Labrie à Kuujjuaq,2020-11-19,246,https://ici.radio-canada.ca/nouvelle/1750739/randy-koneak-meurtre-premedite-proces,2021-07-23 12:30:03,local
Kuujjuaq,accident,4,La Presse,Meurtre de Chloé Labrie à Kuujjuaq | Randy Koneak reconnu coupable de meurtre au premier degré,2020-12-04,231,https://www.lapresse.ca/actualites/justice-et-faits-divers/2020-12-04/meurtre-de-chloe-labrie-a-kuujjuaq/randy-koneak-reconnu-coupable-de-meurtre-au-premier-degre.php,2021-07-23 12:30:03,local
Kuujjuaq,accident,5,ICI.Radio-Canada.ca,Une maison d'hébergement pour femmes déplore le décès prévisible d'une femme inuk,2021-02-26,147,https://ici.radio-canada.ca/espaces-autochtones/1773312/violence-conjugale-kuujjuaq-elisapee-angma,2021-07-23 12:30:04,local
Kuujjuaq,accident,6,TVA Nouvelles,Assassinée peu après la libération de son ex,2021-02-19,154,https://www.tvanouvelles.ca/2021/02/19/assassinee-peu-apres-la-liberation-de-son-ex-1,2021-07-23 12:30:04,local
Kuujjuaq,accident,7,La Presse,Double féminicide à Sainte-Sophie | La Presse,2021-03-02,143,https://www.lapresse.ca/actualites/justice-et-faits-divers/2021-03-02/double-feminicide-a-sainte-sophie.php,2021-07-23 12:30:04,local
Kuujjuaq,accident,8,La Presse,Meurtre conjugal | Une femme de 44 ans tuée à Saint-Hyacinthe,2021-02-23,150,https://www.lapresse.ca/actualites/justice-et-faits-divers/2021-02-23/meurtre-conjugal/une-femme-de-44-ans-tuee-a-saint-hyacinthe.php,2021-07-23 12:30:04,local
Kuujjuaq,accident,9,LaPresse.ca,La mort violente d'une jeune femme sème l'inquiétude à Kuujjuaq,,,https://www.lapresse.ca/actualites/justice-et-faits-divers/faits-divers/201806/12/01-5185461-la-mort-violente-dune-jeune-femme-seme-linquietude-a-kuujjuaq.php,2021-07-23 12:30:04,local
Kuujjuaq,accident,10,Le Journal de Montréal,Appareil surchargé avant de s'envoler: une décision inexplicable,,,https://www.journaldemontreal.com/2019/08/03/une-decision-inexplicable,2021-07-23 12:30:05,local
Kuujjuaq,accident,11,La Voix de l'est - Groupe Capitales Médias,Trois nouvelles accusations pour l'assaillant d'une septuagénaire,2021-03-11,134,https://www.lavoixdelest.ca/actualites/trois-nouvelles-accusations-pour-lassaillant-dune-septuagenaire-95a0c0a2887b2b0519327ee19f0b6607,2021-07-23 12:30:05,local
Kuujjuaq,accident,12,ICI.Radio-Canada.ca,Traverser l'Arctique canadien en ski de fond : le défi 2021 de Jacob Racine,2020-12-30,205,https://ici.radio-canada.ca/nouvelle/1759678/jacob-racine-expedition-akor-grand-nord-canadien-aventuriers,2021-07-23 12:30:05,local
Kuujjuaq,accident,13,Le Devoir,Inuite sans abri happée mortellement: d'autres accidents semblables ont eu lieu,2020-07-30,358,https://www.ledevoir.com/societe/583298/montreal-unie-inuite-sans-abri-happee-mortellement,2021-07-23 12:30:05,local
Kuujjuaq,accident,14,ICI.Radio-Canada.ca,Archives Il y a 20 ans disparaissaient Marie-Soleil Tougas et Jean-Claude Lauzon,,,https://ici.radio-canada.ca/nouvelle/1049330/deces-mort-marie-soleil-tougas-jean-claude-lauzon-archives,2021-07-23 12:30:05,local
Kuujjuaq,accident,15,LaPresse.ca,La DPJ de Kuujjuaq incendiée: une ado arrêtée,,,https://www.lapresse.ca/actualites/justice-et-faits-divers/actualites-judiciaires/201809/19/01-5197179-la-dpj-de-kuujjuaq-incendiee-une-ado-arretee.php,2021-07-23 12:30:06,local
Kuujjuaq,accident,16,La Presse,"À 1500 km de Montréal, l'autre violence conjugale",,,https://www.lapresse.ca/actualites/2020-01-30/a-1500-km-de-montreal-l-autre-violence-conjugale,2021-07-23 12:30:06,local
Kuujjuaq,accident,17,ICI.Radio-Canada.ca,La vodka interdite au Nunavik en raison de la pandémie | Coronavirus,,,https://ici.radio-canada.ca/nouvelle/1701223/vodka-interdiction-nunavik-covid-19,2021-07-23 12:30:06,local
Kuujjuaq,accident,18,TVA Nouvelles,Possible nouveau cas de meurtre conjugal à Montréal,2021-03-19,126,https://www.tvanouvelles.ca/2021/03/19/deux-corps-retrouves-dans-un-taxi-dans-saint-leonard,2021-07-23 12:30:06,local
Kuujjuaq,accident,19,Zone911,Le Corps de police régional de Kativik déploie des caméras corporelles,2020-10-21,275,https://zone911.com/services-d-urgence/29917-le-corps-de-police-regional-de-kativik-deploie-des-cameras-corporelles,2021-07-23 12:30:07,local
Kuujjuaq,accident,20,Le Journal de Québec,Société Les pensionnats de l'horreur,2021-06-10,43,https://www.journaldequebec.com/actualite/les-pensionnats-de-l-horreur,2021-07-23 12:30:07,local
Kuujjuaq,accident,21,LaPresse.ca,Des jeunes agressent une éducatrice à Kuujjuaq,,,https://www.lapresse.ca/actualites/justice-et-affaires-criminelles/faits-divers/201510/08/01-4907838-des-jeunes-agressent-une-educatrice-a-kuujjuaq.php,2021-07-23 12:30:07,local
Kuujjuaq,accident,22,L'Éveil et La Concorde,Jean-François Girard: travailleur de rue à Kuujjuaq - Journal L'Éveil de Saint-Eustache,,,https://www.leveil.com/actualites/jean-francois-girard-travailleur-de-rue-a-kuujjuaq,2021-07-23 12:30:07,local
Kuujjuaq,accident,23,Le Soleil - Groupe Capitales Médias,Peines discriminatoires au Nunavik | Justice et faits divers | Actualités,,,https://www.lesoleil.com/actualite/justice-et-faits-divers/peines-discriminatoires-au-nunavik-f022eaea89308471377c84fcd9e00d9f,2021-07-23 12:30:08,local
Kuujjuaq,accident,24,La Presse,Un bel engouement pour le ski de montagne,2021-04-07,107,https://www.lapresse.ca/voyage/plein-air/2021-04-07/un-bel-engouement-pour-le-ski-de-montagne.php,2021-07-23 12:30:08,local
Kuujjuaq,accident,25,LaPresse.ca,"Nunavik: un policier abattu, le suspect retrouvé mort",,,https://www.lapresse.ca/actualites/justice-et-faits-divers/201303/03/01-4627288-nunavik-un-policier-abattu-le-suspect-retrouve-mort.php,2021-07-23 12:30:08,local
Kuujjuaq,décès OR mort,1,Le Journal de Montréal,Féminicide dans Parc-Extension: le meurtrier aurait filmé son crime,2021-07-21,2,https://www.journaldemontreal.com/2021/07/20/feminicide-dans-parc-extension-il-aurait-avoue-son-meurtre-a-sa-famille-dans-un-appel-video-horrifiant,2021-07-23 12:30:45,local
Kuujjuaq,décès OR mort,2,La Presse,Deux morts et un blessé après une attaque à Kuujjuaq,2021-02-05,168,https://www.lapresse.ca/actualites/justice-et-faits-divers/2021-02-05/deux-morts-et-un-blesse-apres-une-attaque-a-kuujjuaq.php,2021-07-23 12:30:45,local
Kuujjuaq,décès OR mort,3,TVA Nouvelles,14e féminicide: la voiture du suspect retrouvée,2021-07-21,2,https://www.tvanouvelles.ca/2021/07/21/14e-feminicide-la-voiture-du-suspect-retrouvee,2021-07-23 12:30:45,local
Kuujjuaq,décès OR mort,4,ICI.Radio-Canada.ca,Une maison d'hébergement pour femmes déplore le décès prévisible d'une femme inuk,2021-02-26,147,https://ici.radio-canada.ca/espaces-autochtones/1773312/violence-conjugale-kuujjuaq-elisapee-angma,2021-07-23 12:30:46,local
Kuujjuaq,décès OR mort,5,ICI.Radio-Canada.ca,Les dessous du meurtre de Chloé Labrie à Kuujjuaq,2020-11-19,246,https://ici.radio-canada.ca/nouvelle/1750739/randy-koneak-meurtre-premedite-proces,2021-07-23 12:30:46,local
Kuujjuaq,décès OR mort,6,Le Journal de Montréal,Assassinée peu après la libération de son ex,2021-02-19,154,https://www.journaldemontreal.com/2021/02/19/assassinee-peu-apres-la-liberation-de-son-ex,2021-07-23 12:30:46,local
Kuujjuaq,décès OR mort,7,Le Journal de Montréal,Un combattant de la rougeole premier vacciné du Nunavik,2021-01-25,179,https://www.journaldemontreal.com/2021/01/25/un-combattant-de-la-rougeole-premier-vaccine-du-nunavik,2021-07-23 12:30:46,local
Kuujjuaq,décès OR mort,8,Le Journal de Montréal,Un jeune de 5 ans atteint par balle son petit frère à Kuujjuaq,2021-03-05,140,https://www.journaldemontreal.com/2021/03/05/un-jeune-de-5-ans-atteint-par-balle-son-petit-frere-a-kuujjuaq,2021-07-23 12:30:46,local
Kuujjuaq,décès OR mort,9,Le Journal de Montréal,Weekend Quoi lire cet été?,2021-07-03,20,https://www.journaldemontreal.com/2021/07/03/quoi-lire-cet-ete,2021-07-23 12:30:47,local
Kuujjuaq,décès OR mort,10,Le Journal de Montréal,Battue à mort par son conjoint: un 7e féminicide en moins de deux mois au Québec,2021-03-23,122,https://www.journaldemontreal.com/2021/03/23/battue-a-mort--par-son-conjoint-la-femme-de-lasalle-a-succombe-a-ses-blessures-1,2021-07-23 12:30:47,local
Kuujjuaq,décès OR mort,11,Le Journal de Montréal,Coupable du meurtre d'une travailleuse de la santé,2020-12-04,231,https://www.journaldemontreal.com/2020/12/04/meurtre-dune-infirmiere-a-kuujjuaq--le-jeune-homme-reconnu-coupable,2021-07-23 12:30:47,local
Kuujjuaq,décès OR mort,12,Le Journal de Montréal,"Accès difficile à internet : au Nunavik, des jours sans service",2021-02-21,152,https://www.journaldemontreal.com/2021/02/21/acces-difficile-a-internet--au-nunavik-des-jours-sans-service,2021-07-23 12:30:47,local
Kuujjuaq,décès OR mort,13,Le Journal de Montréal,Un enfant atteint par balle à Kuujjuaq,2021-03-03,142,https://www.journaldemontreal.com/2021/03/03/un-enfant-atteint-par-balle-a-kuujjuaq,2021-07-23 12:30:47,local
Kuujjuaq,décès OR mort,14,Radio-Canada.ca,Cinq féminicides en un mois au Québec : des morts « prévisibles »,2021-03-04,141,https://ici.radio-canada.ca/nouvelle/1774805/cinq-feminicides-morts-previsibles-maisons,2021-07-23 12:30:47,local
Kuujjuaq,décès OR mort,15,La Presse,Meurtre conjugal | Une femme de 44 ans tuée à Saint-Hyacinthe,2021-02-23,150,https://www.lapresse.ca/actualites/justice-et-faits-divers/2021-02-23/meurtre-conjugal/une-femme-de-44-ans-tuee-a-saint-hyacinthe.php,2021-07-23 12:30:48,local
Kuujjuaq,décès OR mort,16,Le Devoir,"Violence conjugale: «voyez ce qui est arrivé à ma mère», avertit Louisa Paningayak",2021-03-31,114,https://www.ledevoir.com/societe/597940/violence-conjugale-voyez-ce-qui-est-arrive-a-ma-mere,2021-07-23 12:30:48,local
Kuujjuaq,décès OR mort,17,LaPresse.ca,La mort violente d'une jeune femme sème l'inquiétude à Kuujjuaq,,,https://www.lapresse.ca/actualites/justice-et-faits-divers/faits-divers/201806/12/01-5185461-la-mort-violente-dune-jeune-femme-seme-linquietude-a-kuujjuaq.php,2021-07-23 12:30:48,local
Kuujjuaq,décès OR mort,18,La Presse,Double féminicide à Sainte-Sophie | La Presse,2021-03-02,143,https://www.lapresse.ca/actualites/justice-et-faits-divers/2021-03-02/double-feminicide-a-sainte-sophie.php,2021-07-23 12:30:48,local
Kuujjuaq,décès OR mort,19,TVA Nouvelles,Possible nouveau cas de meurtre conjugal à Montréal,2021-03-19,126,https://www.tvanouvelles.ca/2021/03/19/deux-corps-retrouves-dans-un-taxi-dans-saint-leonard,2021-07-23 12:30:49,local
Kuujjuaq,décès OR mort,20,ICI.Radio-Canada.ca,"Un premier projet de serre permanente à Inukjuak, dans le Nunavik",2021-06-22,31,https://ici.radio-canada.ca/espaces-autochtones/1800099/autonomie-alimentation-projet-serre-pour-toute-annee-inukjuak-nunavik,2021-07-23 12:30:49,local
Kuujjuaq,décès OR mort,21,Le Journal de Montréal,Le Nord-du-Québec privé de ses touristes,2020-08-16,341,https://www.journaldemontreal.com/2020/08/16/le-nord-du-quebec--prive-de-ses-touristes,2021-07-23 12:30:49,local
Kuujjuaq,décès OR mort,22,LaPresse.ca,Kuujjuaq ébranlée par une série de suicides,,,https://www.lapresse.ca/actualites/201602/16/01-4951503-kuujjuaq-ebranlee-par-une-serie-de-suicides.php,2021-07-23 12:30:49,local
Kuujjuaq,décès OR mort,23,ICI.Radio-Canada.ca,COVID-19 au Nunavik : quarantaine stricte et étroite surveillance de la situation au Sud,2021-01-21,183,https://ici.radio-canada.ca/espaces-autochtones/1747563/nunavik-pandemie-inuit-sante-quarantaine-vague,2021-07-23 12:30:49,local
Kuujjuaq,décès OR mort,24,La Presse,"Femmes, interrompues | La Presse - La Presse",2021-03-08,137,https://www.lapresse.ca/debats/editoriaux/2021-03-08/femmes-interrompues.php,2021-07-23 12:30:50,local
Kuujjuaq,décès OR mort,25,La Presse,Le récit d'une grande traversée du Québec,2021-03-31,114,https://www.lapresse.ca/voyage/plein-air/2021-03-31/le-recit-d-une-grande-traversee-du-quebec.php,2021-07-23 12:30:50,local
Kuujjuaq,incendie,1,TVA Nouvelles,Un jeune de 5 ans atteint par balle son petit frère à Kuujjuaq,2021-03-05,140,https://www.tvanouvelles.ca/2021/03/05/un-jeune-de-5-ans-atteint-par-balle-son-petit-frere-a-kuujjuaq-1,2021-07-23 12:30:59,local
Kuujjuaq,incendie,2,Radio-Canada.ca,Autochtones et allochtones luttent ensemble contre la rage au Nunavik,2021-05-27,57,https://ici.radio-canada.ca/espaces-autochtones/1796447/autochtones-allochtones-luttent-ensemble-contre-rage-au-nunavik,2021-07-23 12:30:59,local
Kuujjuaq,incendie,3,Le Journal de Montréal,Weekend Quoi lire cet été?,2021-07-03,20,https://www.journaldemontreal.com/2021/07/03/quoi-lire-cet-ete,2021-07-23 12:30:59,local
Kuujjuaq,incendie,4,ICI.Radio-Canada.ca,Les dessous du meurtre de Chloé Labrie à Kuujjuaq,2020-11-19,246,https://ici.radio-canada.ca/nouvelle/1750739/randy-koneak-meurtre-premedite-proces,2021-07-23 12:31:00,local
Kuujjuaq,incendie,5,RTBF,"Canada : la nouvelle gouverneure générale est une Inuite ""autochtone"", une première dans une société bouleversée par son histoire",2021-07-07,16,https://www.rtbf.be/info/monde/detail_canada-la-nouvelle-gouverneure-generale-est-une-inuite-autochtone-une-premiere-dans-une-societe-bouleversee-par-son-histoire?id=10799648,2021-07-23 12:31:00,local
Kuujjuaq,incendie,6,Le Journal de Montréal,Un enfant atteint par balle à Kuujjuaq,2021-03-03,142,https://www.journaldemontreal.com/2021/03/03/un-enfant-atteint-par-balle-a-kuujjuaq,2021-07-23 12:31:00,local
Kuujjuaq,incendie,7,ICI.Radio-Canada.ca,Une maison d'hébergement pour femmes déplore le décès prévisible d'une femme inuk,2021-02-26,147,https://ici.radio-canada.ca/espaces-autochtones/1773312/violence-conjugale-kuujjuaq-elisapee-angma,2021-07-23 12:31:00,local
Kuujjuaq,incendie,8,La Presse,Meurtre de Chloé Labrie à Kuujjuaq | Randy Koneak reconnu coupable de meurtre au premier degré,2020-12-04,231,https://www.lapresse.ca/actualites/justice-et-faits-divers/2020-12-04/meurtre-de-chloe-labrie-a-kuujjuaq/randy-koneak-reconnu-coupable-de-meurtre-au-premier-degre.php,2021-07-23 12:31:00,local
Kuujjuaq,incendie,9,Le Journal de Montréal,Un combattant de la rougeole premier vacciné du Nunavik,2021-01-25,179,https://www.journaldemontreal.com/2021/01/25/un-combattant-de-la-rougeole-premier-vaccine-du-nunavik,2021-07-23 12:31:00,local
Kuujjuaq,incendie,10,LaPresse.ca,La DPJ de Kuujjuaq incendiée: une ado arrêtée,,,https://www.lapresse.ca/actualites/justice-et-faits-divers/actualites-judiciaires/201809/19/01-5197179-la-dpj-de-kuujjuaq-incendiee-une-ado-arretee.php,2021-07-23 12:31:01,local
Kuujjuaq,incendie,11,TVA Nouvelles,Assassinée peu après la libération de son ex,2021-02-19,154,https://www.tvanouvelles.ca/2021/02/19/assassinee-peu-apres-la-liberation-de-son-ex-1,2021-07-23 12:31:01,local
Kuujjuaq,incendie,12,TVA Nouvelles,Possible nouveau cas de meurtre conjugal à Montréal,2021-03-19,126,https://www.tvanouvelles.ca/2021/03/19/deux-corps-retrouves-dans-un-taxi-dans-saint-leonard,2021-07-23 12:31:01,local
Kuujjuaq,incendie,13,ICI.Radio-Canada.ca,Traverser l'Arctique canadien en ski de fond : le défi 2021 de Jacob Racine,2020-12-30,205,https://ici.radio-canada.ca/nouvelle/1759678/jacob-racine-expedition-akor-grand-nord-canadien-aventuriers,2021-07-23 12:31:01,local
Kuujjuaq,incendie,14,La Presse,Grand Nord québécois : la croissance du bœuf musqué dérange les Inuits,,,https://www.lapresse.ca/actualites/environnement/2019-11-11/grand-nord-quebecois-la-croissance-du-boeuf-musque-derange-les-inuits,2021-07-23 12:31:01,local
Kuujjuaq,incendie,15,TVA Nouvelles,Un 7e féminicide en moins de deux mois au Québec,2021-03-23,122,https://www.tvanouvelles.ca/2021/03/23/battue-a-mort--par-son-conjoint-la-femme-de-lasalle-a-succombe-a-ses-blessures,2021-07-23 12:31:02,local
Kuujjuaq,incendie,16,Le Journal de Montréal,Climat de peur à la suite du meurtre d'une jeune femme,,,https://www.journaldemontreal.com/2018/06/14/un-resident-de-kuujjuaq-accuse-du-meurtre-dune-travailleuse-de-la-sante,2021-07-23 12:31:02,local
Kuujjuaq,incendie,17,La Presse,Suicides: le Nord s'enfonce dans la crise,,,https://www.lapresse.ca/actualites/national/2019-07-31/suicides-le-nord-s-enfonce-dans-la-crise,2021-07-23 12:31:02,local
Kuujjuaq,incendie,18,Le Devoir,Les femmes inuites sont surreprésentées dans les cas de violence conjugale,2021-02-26,147,https://www.ledevoir.com/societe/595984/violence-conjugale-les-femmes-inuites-sont-surrepresentees,2021-07-23 12:31:02,local
Kuujjuaq,incendie,19,La Presse,Meurtre conjugal | Une femme de 44 ans tuée à Saint-Hyacinthe,2021-02-23,150,https://www.lapresse.ca/actualites/justice-et-faits-divers/2021-02-23/meurtre-conjugal/une-femme-de-44-ans-tuee-a-saint-hyacinthe.php,2021-07-23 12:31:03,local
Kuujjuaq,incendie,20,TVA Nouvelles,Un policier désarmé se fait tirer dessus dans Parc-Extension,2021-01-28,176,https://www.tvanouvelles.ca/2021/01/28/parc-extension--un-policier-du-spvm-desarme-puis-blesse-a-la-tete,2021-07-23 12:31:03,local
Kuujjuaq,incendie,21,La Presse,"À 1500 km de Montréal, l'autre violence conjugale",,,https://www.lapresse.ca/actualites/2020-01-30/a-1500-km-de-montreal-l-autre-violence-conjugale,2021-07-23 12:31:03,local
Kuujjuaq,incendie,22,Le Journal de Québec,Société Les pensionnats de l'horreur,2021-06-10,43,https://www.journaldequebec.com/actualite/les-pensionnats-de-l-horreur,2021-07-23 12:31:03,local
Kuujjuaq,incendie,23,Le Devoir,Un dixième féminicide au Québec cette année,2021-04-19,95,https://www.ledevoir.com/societe/599022/violence-conjugale-un-dixieme-feminicide-au-quebec,2021-07-23 12:31:03,local
Kuujjuaq,incendie,24,LaPresse.ca,Une femme évincée de son logement trouvée morte à Kuujjuaq,,,https://www.lapresse.ca/actualites/201811/19/01-5204843-une-femme-evincee-de-son-logement-trouvee-morte-a-kuujjuaq.php,2021-07-23 12:31:03,local
Kuujjuaq,incendie,25,LaPresse.ca,Kuujjuaq ébranlée par une série de suicides,,,https://www.lapresse.ca/actualites/201602/16/01-4951503-kuujjuaq-ebranlee-par-une-serie-de-suicides.php,2021-07-23 12:31:04,local
Kuujjuaq,police OR Sûreté,1,Le Journal de Montréal,Un juge choisit de sanctionner et de dénoncer la brutalité policière,2021-07-16,7,https://www.journaldemontreal.com/2021/07/16/un-juge-choisit-de-sanctionner-et-denoncer-la-brutalite-policiere,2021-07-23 12:31:14,local
Kuujjuaq,police OR Sûreté,2,Le Journal de Montréal,Féminicide dans Parc-Extension: le meurtrier aurait filmé son crime,2021-07-21,2,https://www.journaldemontreal.com/2021/07/20/feminicide-dans-parc-extension-il-aurait-avoue-son-meurtre-a-sa-famille-dans-un-appel-video-horrifiant,2021-07-23 12:31:14,local
Kuujjuaq,police OR Sûreté,3,La Presse,Deux morts et un blessé après une attaque à Kuujjuaq,2021-02-05,168,https://www.lapresse.ca/actualites/justice-et-faits-divers/2021-02-05/deux-morts-et-un-blesse-apres-une-attaque-a-kuujjuaq.php,2021-07-23 12:31:14,local
Kuujjuaq,police OR Sûreté,4,TVA Nouvelles,14e féminicide: la voiture du suspect retrouvée,2021-07-21,2,https://www.tvanouvelles.ca/2021/07/21/14e-feminicide-la-voiture-du-suspect-retrouvee,2021-07-23 12:31:15,local
Kuujjuaq,police OR Sûreté,5,Le Journal de Montréal,Un enfant atteint par balle à Kuujjuaq,2021-03-03,142,https://www.journaldemontreal.com/2021/03/03/un-enfant-atteint-par-balle-a-kuujjuaq,2021-07-23 12:31:15,local
Kuujjuaq,police OR Sûreté,6,ICI.Radio-Canada.ca,Les dessous du meurtre de Chloé Labrie à Kuujjuaq,2020-11-19,246,https://ici.radio-canada.ca/nouvelle/1750739/randy-koneak-meurtre-premedite-proces,2021-07-23 12:31:15,local
Kuujjuaq,police OR Sûreté,7,Le Journal de Montréal,Un jeune de 5 ans atteint par balle son petit frère à Kuujjuaq,2021-03-05,140,https://www.journaldemontreal.com/2021/03/05/un-jeune-de-5-ans-atteint-par-balle-son-petit-frere-a-kuujjuaq,2021-07-23 12:31:15,local
Kuujjuaq,police OR Sûreté,8,Le Journal de Montréal,Assassinée peu après la libération de son ex,2021-02-19,154,https://www.journaldemontreal.com/2021/02/19/assassinee-peu-apres-la-liberation-de-son-ex,2021-07-23 12:31:16,local
Kuujjuaq,police OR Sûreté,9,Le Journal de Montréal,Coupable du meurtre d'une travailleuse de la santé,2020-12-04,231,https://www.journaldemontreal.com/2020/12/04/meurtre-dune-infirmiere-a-kuujjuaq--le-jeune-homme-reconnu-coupable,2021-07-23 12:31:16,local
Kuujjuaq,police OR Sûreté,10,ICI.Radio-Canada.ca,Recruter plus de policiers autochtones : « un combat perpétuel »,2021-01-21,183,https://ici.radio-canada.ca/espaces-autochtones/1719414/recrutement-policiers-autochtones-inuit-kativik,2021-07-23 12:31:16,local
Kuujjuaq,police OR Sûreté,11,Le Journal de Montréal,Caméras corporelles adoptées par les policiers de Kuujjuaq,,,https://www.journaldemontreal.com/2020/06/21/cameras-corporelles-adoptees-par-les-policiers-de-kuujjuaq,2021-07-23 12:31:16,local
Kuujjuaq,police OR Sûreté,12,LaPresse.ca,Grand Nord: la police menace de se retirer de la région,,,https://www.lapresse.ca/actualites/regional/201811/23/01-5205444-grand-nord-la-police-menace-de-se-retirer-de-la-region.php,2021-07-23 12:31:16,local
Kuujjuaq,police OR Sûreté,13,Radio-Canada.ca,Cinq féminicides en un mois au Québec : des morts « prévisibles »,2021-03-04,141,https://ici.radio-canada.ca/nouvelle/1774805/cinq-feminicides-morts-previsibles-maisons,2021-07-23 12:31:17,local
Kuujjuaq,police OR Sûreté,14,Le Journal de Montréal,Les défis de la police du Nord,,,https://www.journaldemontreal.com/2017/06/10/les-defis-de-la-police-du-nord,2021-07-23 12:31:17,local
Kuujjuaq,police OR Sûreté,15,ICI.Radio-Canada.ca,Une maison d'hébergement pour femmes déplore le décès prévisible d'une femme inuk,2021-02-26,147,https://ici.radio-canada.ca/espaces-autochtones/1773312/violence-conjugale-kuujjuaq-elisapee-angma,2021-07-23 12:31:17,local
Kuujjuaq,police OR Sûreté,16,Zone911,Le Corps de police régional de Kativik déploie des caméras corporelles,2020-10-21,275,https://zone911.com/services-d-urgence/29917-le-corps-de-police-regional-de-kativik-deploie-des-cameras-corporelles,2021-07-23 12:31:17,local
Kuujjuaq,police OR Sûreté,17,TVA Nouvelles,Des jours sans internet au Nunavik,2021-02-21,152,https://www.tvanouvelles.ca/2021/02/21/des-jours-sans-internet-au-nunavik,2021-07-23 12:31:17,local
Kuujjuaq,police OR Sûreté,18,udemnouvelles,Quand chercheurs et Inuits s'unissent pour vacciner les chiens contre la rage,2021-04-30,84,https://nouvelles.umontreal.ca/article/2021/04/30/quand-chercheurs-et-inuits-s-unissent-pour-vacciner-les-chiens-contre-la-rage/,2021-07-23 12:31:18,local
Kuujjuaq,police OR Sûreté,19,La Presse,Double féminicide à Sainte-Sophie | La Presse,2021-03-02,143,https://www.lapresse.ca/actualites/justice-et-faits-divers/2021-03-02/double-feminicide-a-sainte-sophie.php,2021-07-23 12:31:18,local
Kuujjuaq,police OR Sûreté,20,Le Journal de Montréal,Faits divers Un policier attaqué et desarmé,2021-01-28,176,https://www.journaldemontreal.com/2021/01/28/parc-extension--un-policier-desarme-puis-blesse-a-la-tete,2021-07-23 12:31:18,local
Kuujjuaq,police OR Sûreté,21,La Presse,"Femmes, interrompues | La Presse - La Presse",2021-03-08,137,https://www.lapresse.ca/debats/editoriaux/2021-03-08/femmes-interrompues.php,2021-07-23 12:31:18,local
Kuujjuaq,police OR Sûreté,22,La Voix de l'est - Groupe Capitales Médias,Trois nouvelles accusations pour l'assaillant d'une septuagénaire,2021-03-11,134,https://www.lavoixdelest.ca/actualites/trois-nouvelles-accusations-pour-lassaillant-dune-septuagenaire-95a0c0a2887b2b0519327ee19f0b6607,2021-07-23 12:31:18,local
Kuujjuaq,police OR Sûreté,23,La Presse,Meurtre conjugal | Une femme de 44 ans tuée à Saint-Hyacinthe,2021-02-23,150,https://www.lapresse.ca/actualites/justice-et-faits-divers/2021-02-23/meurtre-conjugal/une-femme-de-44-ans-tuee-a-saint-hyacinthe.php,2021-07-23 12:31:19,local
Kuujjuaq,police OR Sûreté,24,ICI.Radio-Canada.ca,"Kuujjuaq en état de crise après une vague de suicides | Autochtones : hier, aujourd'hui, demain",,,https://ici.radio-canada.ca/nouvelle/774242/kuujjuaq-vague-de-suicide,2021-07-23 12:31:19,local
Kuujjuaq,police OR Sûreté,25,ICI.Radio-Canada.ca,"Nunavik, territoire des revendeurs d'alcool",,,https://ici.radio-canada.ca/nouvelle/1507891/nunavik-contrebande-alcool-vodka,2021-07-23 12:31:19,local
Kuujjuaq,Cégep,1,La Presse,"Deux professeurs dans le Grand Nord, deux visions",2021-05-30,54,https://www.lapresse.ca/arts/litterature/2021-05-30/deux-professeurs-dans-le-grand-nord-deux-visions.php,2021-07-23 12:31:28,local
Kuujjuaq,Cégep,2,Le Soleil - Groupe Capitales Médias,Travail social au Nunavik: «J'avais le goût d'aller toucher en haut»,2021-05-15,69,https://www.lesoleil.com/le-mag/travail-social-au-nunavik-javais-le-gout-daller-toucher-en-haut-64ec0d4b9d45ba230da47b59321c4940,2021-07-23 12:31:28,local
Kuujjuaq,Cégep,3,ICI.Radio-Canada.ca,Périple poétique entre l'Estrie et le Nunavik,2021-04-14,100,https://ici.radio-canada.ca/nouvelle/1784621/jean-francois-letourneau-auteur-sherbrooke-territoire,2021-07-23 12:31:28,local
Kuujjuaq,Cégep,4,Le Devoir,"Étudier en français, un grand défi pour les Inuits du Nunavik",,,https://www.ledevoir.com/societe/education/512720/etudier-en-francais-un-grand-defi-pour-les-inuits-du-nunavik,2021-07-23 12:31:29,local
Kuujjuaq,Cégep,5,ICI.Radio-Canada.ca,Un premier programme postsecondaire inuit au Québec,2021-01-21,183,https://ici.radio-canada.ca/nouvelle/1061711/nunavik-sivunitsavut-inuits-cours-collegial-abbott-montreal-quebec-cegep,2021-07-23 12:31:30,local
Kuujjuaq,Cégep,6,ICI.Radio-Canada.ca,"Du Nunavik à Montréal, le blues des étudiants inuits",,,https://ici.radio-canada.ca/nouvelle/805996/jeunes-etudiants-inuits-montreal-programme-nunavik-sivunitsavut,2021-07-23 12:31:30,local
Kuujjuaq,Cégep,7,Le Devoir,Huit femmes ont été tuées en 2020 dans des meurtres conjugaux,2021-02-23,150,https://www.ledevoir.com/societe/595707/huit-femmes-ont-ete-tuees-en-2020-dans-des-meurtres-conjugaux,2021-07-23 12:31:30,local
Kuujjuaq,Cégep,8,Le Devoir,Réinventer l'école au Nunavik,,,https://www.ledevoir.com/societe/403376/le-nunavik-en-chiffres,2021-07-23 12:31:30,local
Kuujjuaq,Cégep,9,Le Devoir,"Au Nunavik, pas de profs, pas d'école",,,https://www.ledevoir.com/societe/education/560552/au-nunavik-pas-de-profs-pas-d-ecole,2021-07-23 12:31:30,local
Kuujjuaq,Cégep,10,La Tribune - Groupe Capitales Médias,Jean-François Létourneau : Entre mémoire et territoire | Arts,2021-04-10,104,https://www.latribune.ca/arts/jean-francois-letourneau--entre-memoire-et-territoire-30bcf41b29dfb36006a97e351dc48cc5,2021-07-23 12:31:30,local
Kuujjuaq,Cégep,11,HuffPost Québec,Nancy Saunders a d’abord refusé de jouer dans «Épidémie»,,,https://quebec.huffingtonpost.ca/entry/nancy-saunders-inuite-epidemie_qc_5e343465c5b611ac94d380d1,2021-07-23 12:31:31,local
Kuujjuaq,Cégep,12,L’actualité,Un Bleuet au pays des Inuits,,,https://lactualite.com/societe/un-bleuet-au-pays-des-inuits/,2021-07-23 12:31:31,local
Kuujjuaq,Cégep,13,La Tribune - Groupe Capitales Médias,Donner sa voix aux autochtones | Arts,,,https://www.latribune.ca/arts/donner-sa-voix-aux-autochtones-e17fafa47a3e1bf4bfa24ca42b6a5ee0,2021-07-23 12:31:31,local
Kuujjuaq,Cégep,14,ICI.Radio-Canada.ca,"Moi, Olivia, Inuite, résiliente et déterminée",,,https://ici.radio-canada.ca/nouvelle/777674/inuite-autochtones-olivia-lya-thomassie-nord-kangirsuk-femmes-assassinees,2021-07-23 12:31:32,local
Kuujjuaq,Cégep,15,LaPresse.ca,Le ski de fond pour améliorer l'estime des Inuites,,,https://www.lapresse.ca/sports/201212/28/01-4607200-le-ski-de-fond-pour-ameliorer-lestime-des-inuites.php,2021-07-23 12:31:32,local
Kuujjuaq,Cégep,16,L’actualité,Vikings et Inuits : un duo gagnant !,,,https://lactualite.com/societe/vikings-et-inuits-un-duo-gagnant/,2021-07-23 12:31:32,local
Kuujjuaq,Cégep,17,La Presse,PME innovation | Architecture du (très) Grand Nord,,,https://www.lapresse.ca/affaires/portfolio/2019-10-09/pme-innovation/architecture-du-tres-grand-nord,2021-07-23 12:31:32,local
Kuujjuaq,Cégep,18,ICI.Radio-Canada.ca,Un jardin... dans le coffre d'une camionnette!,,,https://ici.radio-canada.ca/nouvelle/1185179/jardins-urbains-stationnements-sensibilisation,2021-07-23 12:31:32,local
Kuujjuaq,Cégep,19,Le Devoir,Éducation Enseigner au Nunavik: tout un contrat!,,,https://www.ledevoir.com/societe/education/336157/enseigner-au-nunavik-tout-un-contrat,2021-07-23 12:31:33,local
Kuujjuaq,Cégep,20,LaPresse.ca,Nunavik: des francophones privés d'école | La Presse,,,https://www.lapresse.ca/actualites/education/201209/11/01-4573185-nunavik-des-francophones-prives-decole.php,2021-07-23 12:31:33,local
Kuujjuaq,Cégep,21,Le Soleil - Groupe Capitales Médias,Un air d'Australie dans les camps de jour,,,https://www.lesoleil.com/le-mag/plein-air/un-air-daustralie-dans-les-camps-de-jour-76675ef57cddf7bf807597a4c6638cc7,2021-07-23 12:31:33,local
Kuujjuaq,Cégep,22,Le Devoir,Le long périple des apprentis policiers autochtones,,,https://www.ledevoir.com/societe/499870/formation-de-policiers-autochtones,2021-07-23 12:31:33,local
Kuujjuaq,Cégep,23,La Tribune - Groupe Capitales Médias,Zoom sur la vie de guide | Le Mag,,,https://www.latribune.ca/le-mag/zoom-sur-la-vie-de-guide-446e2c3753cbd75cbddce53bc200e39c,2021-07-23 12:31:33,local
Kuujjuaq,Cégep,24,L’actualité,"Au nord du 49e, tout est gros, gros, gros...",,,https://lactualite.com/lactualite-affaires/au-nord-du-49e-tout-est-gros-gros-gros/,2021-07-23 12:31:33,local
Kuujjuaq,Cégep,25,ICI.Radio-Canada.ca,"Iqaluit, la capitale multiculturelle | Expédition Canada C3",,,https://ici.radio-canada.ca/nouvelle/1048088/iqaluit-multiculturelle-langues-nunavut,2021-07-23 12:31:34,local
Kuujjuaq,"""Centre de services scolaire"" OR ""Commission scolaire""",1,Radio-Canada.ca,Les enseignants des commissions scolaires Crie et Kativik bientôt en grève,2021-04-13,101,https://ici.radio-canada.ca/espaces-autochtones/1783507/csq-enseignants-commissions-scolaires-crie-kativik-greve-autochtone,2021-07-23 12:31:42,local
Kuujjuaq,"""Centre de services scolaire"" OR ""Commission scolaire""",2,Le Journal de Montréal,"Accès difficile à internet : au Nunavik, des jours sans service",2021-02-21,152,https://www.journaldemontreal.com/2021/02/21/acces-difficile-a-internet--au-nunavik-des-jours-sans-service,2021-07-23 12:31:42,local
Kuujjuaq,"""Centre de services scolaire"" OR ""Commission scolaire""",3,Le Devoir,"Au Nunavik, pas de profs, pas d'école",,,https://www.ledevoir.com/societe/education/560552/au-nunavik-pas-de-profs-pas-d-ecole,2021-07-23 12:31:42,local
Kuujjuaq,"""Centre de services scolaire"" OR ""Commission scolaire""",4,ICI.Radio-Canada.ca,Un site éducatif aux couleurs des Inuit,2021-01-21,183,https://ici.radio-canada.ca/espaces-autochtones/1694960/education-nunavik-pandemie-covid-19-aider-eleves-nunavik-ice-com-kativik-site-internet,2021-07-23 12:31:42,local
Kuujjuaq,"""Centre de services scolaire"" OR ""Commission scolaire""",5,L'Éclaireur Progrès,Cinq ans à enseigner aux jeunes inuits dans le nord du Québec,,,https://www.leclaireurprogres.ca/cinq-ans-a-enseigner-aux-jeunes-inuits-dans-le-nord-du-quebec/,2021-07-23 12:31:43,local
Kuujjuaq,"""Centre de services scolaire"" OR ""Commission scolaire""",6,ICI.Radio-Canada.ca,Suicides : la Commission scolaire Kativik convoque une réunion d'urgence,2021-01-21,183,https://ici.radio-canada.ca/espaces-autochtones/1130254/suicides-kativik-reunion-urgence-nunavik-quebec,2021-07-23 12:31:43,local
Kuujjuaq,"""Centre de services scolaire"" OR ""Commission scolaire""",7,ICI.Radio-Canada.ca,Inuits à l'école : raccrocher en jouant dehors,,,https://ici.radio-canada.ca/nouvelle/1040784/inuits-ecole-education-scolaire-decrochage-nunavik,2021-07-23 12:31:43,local
Kuujjuaq,"""Centre de services scolaire"" OR ""Commission scolaire""",8,LaPresse.ca,Nunavik: des francophones privés d'école | La Presse,,,https://www.lapresse.ca/actualites/education/201209/11/01-4573185-nunavik-des-francophones-prives-decole.php,2021-07-23 12:31:43,local
Kuujjuaq,"""Centre de services scolaire"" OR ""Commission scolaire""",9,ICI.Radio-Canada.ca,Kuujjuaq accueillera l'Expo-sciences autochtone Québec 2019,2021-01-21,183,https://ici.radio-canada.ca/nouvelle/1156922/kuujjuaq-accueillera-lexpo-sciences-autochtone-quebec-2019,2021-07-23 12:31:44,local
Kuujjuaq,"""Centre de services scolaire"" OR ""Commission scolaire""",10,Le Devoir,"Étudier en français, un grand défi pour les Inuits du Nunavik",,,https://www.ledevoir.com/societe/education/512720/etudier-en-francais-un-grand-defi-pour-les-inuits-du-nunavik,2021-07-23 12:31:44,local
Kuujjuaq,"""Centre de services scolaire"" OR ""Commission scolaire""",11,Le Journal de Montréal,Société Les pensionnats de l'horreur,2021-06-10,43,https://www.journaldemontreal.com/actualite/les-pensionnats-de-l-horreur,2021-07-23 12:31:44,local
Kuujjuaq,"""Centre de services scolaire"" OR ""Commission scolaire""",12,LaPresse.ca,"-45°C, «c'est bien normal» à Kuujjuaq",,,https://www.lapresse.ca/actualites/201501/07/01-4833117--45c-cest-bien-normal-a-kuujjuaq.php,2021-07-23 12:31:44,local
Kuujjuaq,"""Centre de services scolaire"" OR ""Commission scolaire""",13,ICI.Radio-Canada.ca,Les déplacements à destination et en provenance du Nunavik sont restreints | Coronavirus,2021-01-21,183,https://ici.radio-canada.ca/espaces-autochtones/1671583/les-deplacements-a-destination-et-en-provenance-du-nunavik-sont-restreints,2021-07-23 12:31:44,local
Kuujjuaq,"""Centre de services scolaire"" OR ""Commission scolaire""",14,Le Devoir,Jongler entre tradition et modernité: l'art du cirque chez les Inuits,,,https://www.ledevoir.com/societe/525381/jongler-entre-tradition-et-modernite-1-de-jeunes-inuits-s-expriment-a-travers-les-arts-du-cirque,2021-07-23 12:31:45,local
Kuujjuaq,"""Centre de services scolaire"" OR ""Commission scolaire""",15,ICI.Radio-Canada.ca,Quand des Rimouskois donnent le goût du plein air à des Inuit,,,https://ici.radio-canada.ca/nouvelle/1206377/nurrait-jeunes-karibu-nunavik-rimouski-valerie-raymond-kayak-guides-arctiques,2021-07-23 12:31:45,local
Kuujjuaq,"""Centre de services scolaire"" OR ""Commission scolaire""",16,ICI.Radio-Canada.ca,Les Forces canadiennes appelées en renfort pour protéger le Nunavik de la COVID-19 | Coronavirus,,,https://ici.radio-canada.ca/nouvelle/1690703/villages-nord-quebec-confinement-coronavirus,2021-07-23 12:31:45,local
Kuujjuaq,"""Centre de services scolaire"" OR ""Commission scolaire""",17,L'Étoile du Lac,Contrat de 20 M$ pour Pavex à Kuujjaq : un logistique impressionnante,,,https://www.letoiledulac.com/actualite/contrat-de-20-m-pour-pavex-a-kuujjaq-un-logistique-impressionnante/,2021-07-23 12:31:46,local
Kuujjuaq,"""Centre de services scolaire"" OR ""Commission scolaire""",18,Le Devoir,Éducation Enseigner au Nunavik: tout un contrat!,,,https://www.ledevoir.com/societe/education/336157/enseigner-au-nunavik-tout-un-contrat,2021-07-23 12:31:46,local
Kuujjuaq,"""Centre de services scolaire"" OR ""Commission scolaire""",19,ICI.Radio-Canada.ca,Un premier programme postsecondaire inuit au Québec,2021-01-21,183,https://ici.radio-canada.ca/nouvelle/1061711/nunavik-sivunitsavut-inuits-cours-collegial-abbott-montreal-quebec-cegep,2021-07-23 12:31:46,local
Kuujjuaq,"""Centre de services scolaire"" OR ""Commission scolaire""",20,LesAffaires.com,"Johnny Adams, l'homme à connaître | LesAffaires.com",,,https://www.lesaffaires.com/dossier/grand-nord/johnny-adams-l-homme-a-connaitre/540758,2021-07-23 12:31:46,local
Kuujjuaq,"""Centre de services scolaire"" OR ""Commission scolaire""",21,ICI.Radio-Canada.ca,Des femmes du Nunavik disent #MoiAussi,,,https://ici.radio-canada.ca/nouvelle/1090630/femmes-nunavik-moiaussi-uvangalu-agressions-violences-sexuelles,2021-07-23 12:31:46,local
Kuujjuaq,"""Centre de services scolaire"" OR ""Commission scolaire""",22,L’actualité,Les révolutionnaires de Saint-Césaire,,,https://lactualite.com/lactualite-affaires/les-revolutionnaires-de-saint-cesaire/,2021-07-23 12:31:47,local
Kuujjuaq,"""Centre de services scolaire"" OR ""Commission scolaire""",23,ICI.Radio-Canada.ca,"Du Nunavik à Montréal, le blues des étudiants inuits",,,https://ici.radio-canada.ca/nouvelle/805996/jeunes-etudiants-inuits-montreal-programme-nunavik-sivunitsavut,2021-07-23 12:31:47,local
Kuujjuaq,"""Centre de services scolaire"" OR ""Commission scolaire""",24,Le Devoir,Suicides au Nunavik: la ministre D'Amours absente d'une réunion d'urgence,,,https://www.ledevoir.com/politique/quebec/540312/suicides-au-nunavik-la-ministre-d-amours-absente-d-une-reunion-d-urgence,2021-07-23 12:31:47,local
Kuujjuaq,"""Centre de services scolaire"" OR ""Commission scolaire""",25,L'actualité,La mise en échec de Joé Juneau,,,https://lactualite.com/sports/la-mise-en-echec-de-joe-juneau/,2021-07-23 12:31:47,local
Kuujjuaq,CISSS OR CIUSSS,1,TVA Nouvelles,Des jours sans internet au Nunavik,2021-02-21,152,https://www.tvanouvelles.ca/2021/02/21/des-jours-sans-internet-au-nunavik,2021-07-23 12:31:56,local
Kuujjuaq,CISSS OR CIUSSS,2,La Presse,Culture et éducation | Les jeunes Inuits en centres jeunesse mal encadrés à Montréal,2021-05-19,65,https://www.lapresse.ca/actualites/2021-05-19/culture-et-education/les-jeunes-inuits-en-centres-jeunesse-mal-encadres-a-montreal.php,2021-07-23 12:31:56,local
Kuujjuaq,CISSS OR CIUSSS,3,Le Devoir,Huit femmes ont été tuées en 2020 dans des meurtres conjugaux,2021-02-23,150,https://www.ledevoir.com/societe/595707/huit-femmes-ont-ete-tuees-en-2020-dans-des-meurtres-conjugaux,2021-07-23 12:31:56,local
Kuujjuaq,CISSS OR CIUSSS,4,Le Journal de Montréal,"Josée Legault On les met où, les pauvres?",2020-12-08,227,https://www.journaldemontreal.com/2020/12/08/on-les-met-ou-les-pauvres,2021-07-23 12:31:56,local
Kuujjuaq,CISSS OR CIUSSS,5,LaPresse.ca,"-45°C, «c'est bien normal» à Kuujjuaq",,,https://www.lapresse.ca/actualites/201501/07/01-4833117--45c-cest-bien-normal-a-kuujjuaq.php,2021-07-23 12:31:56,local
Kuujjuaq,CISSS OR CIUSSS,6,Métro Montréal,Une rencontre intergénérationnelle au CHSLD de Saint-Laurent,,,https://journalmetro.com/local/saint-laurent/2408661/une-rencontre-intergenerationelle-au-chsld-de-saint-laurent/,2021-07-23 12:31:57,local
Kuujjuaq,CISSS OR CIUSSS,7,Le Devoir,La pilule abortive est peu prescrite au Québec,,,https://www.ledevoir.com/societe/sante/537621/pilule-abortive-du-retard-malgre-des-avancees,2021-07-23 12:31:57,local
Kuujjuaq,CISSS OR CIUSSS,8,Le Soleil - Groupe Capitales Médias,Mort de Joyce Echaquan: la fin de l'indifférence?,2020-10-01,295,https://www.lesoleil.com/chroniques/mylene-moisan/mort-de-joyce-echaquan-la-fin-de-lindifference-8281a0a182be477d6d8bac0fe5f96bbc,2021-07-23 12:31:57,local
Kuujjuaq,CISSS OR CIUSSS,9,LaPresse.ca,Épidémie de tuberculose dans le Grand Nord,,,https://www.lapresse.ca/actualites/sante/201207/11/01-4542574-epidemie-de-tuberculose-dans-le-grand-nord.php,2021-07-23 12:31:57,local
Kuujjuaq,CISSS OR CIUSSS,10,La Voix de l'est - Groupe Capitales Médias,On s'arrache les vêtements et les chapeaux de chez Tirigolo,,,https://www.lavoixdelest.ca/actualites/on-sarrache-les-vetements-et-les-chapeaux-de-chez-tirigolo-c40b8731dc9b41713cebb288bdbbc205,2021-07-23 12:31:57,local
Kuujjuaq,CISSS OR CIUSSS,11,ICI.Radio-Canada.ca,"Archives Maamuitaau , l'émission qui rassemble les communautés cries du Québec",,,https://ici.radio-canada.ca/nouvelle/1193090/maamuitaau-cri-autochtones-cbc-north-emission-television-archives,2021-07-23 12:31:58,local
Kuujjuaq,CISSS OR CIUSSS,12,LaPresse.ca,Gaétan Barrette accusé de préjugés contre les Autochtones,,,https://www.lapresse.ca/actualites/sante/201806/21/01-5186627-gaetan-barrette-accuse-de-prejuges-contre-les-autochtones.php,2021-07-23 12:31:58,local
Kuujjuaq,CISSS OR CIUSSS,13,Le Devoir,Des anciens combattants obtiennent le droit de poursuivre Ottawa et Québec,,,https://www.ledevoir.com/politique/canada/548627/des-anciens-combattants-obtiennent-le-droit-de-poursuivre-ottawa-et-quebec,2021-07-23 12:31:58,local
Kuujjuaq,CISSS OR CIUSSS,14,LaPresse.ca,Enfants autochtones: une pratique d'évacuation «barbare»,,,https://www.lapresse.ca/actualites/sante/201801/24/01-5151227-enfants-autochtones-une-pratique-devacuation-barbare.php,2021-07-23 12:31:58,local
Kuujjuaq,CISSS OR CIUSSS,15,Le Devoir,Inuite sans abri happée mortellement: d'autres accidents semblables ont eu lieu,2020-07-30,358,https://www.ledevoir.com/non-classe/583298/montreal-unie-inuite-sans-abri-happee-mortellement,2021-07-23 12:31:58,local
Kuujjuaq,CISSS OR CIUSSS,16,TVA Nouvelles,À quelques mètres d'un ours polaire,,,https://www.tvanouvelles.ca/2018/03/07/a-quelques-metres-dun-ours-polaire,2021-07-23 12:31:59,local
Kuujjuaq,CISSS OR CIUSSS,17,LaPresse.ca,Une femme inuite embauchée par la police du nord du Québec,,,https://www.lapresse.ca/actualites/201711/19/01-5144084-une-femme-inuite-embauchee-par-la-police-du-nord-du-quebec.php,2021-07-23 12:31:59,local
Kuujjuaq,CISSS OR CIUSSS,18,ICI.Radio-Canada.ca,Explosion des coûts d'asphaltage : des entrepreneurs répliquent,,,https://ici.radio-canada.ca/nouvelle/1173693/explosion-couts-asphalte-conseillers-saguenay,2021-07-23 12:31:59,local
Kuujjuaq,CISSS OR CIUSSS,19,ICI.Radio-Canada.ca,Les Autochtones trois fois plus nombreux à fumer que les allochtones,,,https://ici.radio-canada.ca/nouvelle/1028451/autochtones-trois-fois-plus-nombreux-fumer-allochtones,2021-07-23 12:32:00,local
Kuujjuaq,CISSS OR CIUSSS,20,Le Soleil - Groupe Capitales Médias,Comment l'air climatisé a changé le monde,,,https://www.lesoleil.com/actualite/comment-lair-climatise-a-change-le-monde-827462982fbd25fa74d881a1d5ae59b0,2021-07-23 12:32:00,local
Kuujjuaq,maire OR mairesse,1,Le Journal de Montréal,Féminicide dans Parc-Extension: le meurtrier aurait filmé son crime,2021-07-21,2,https://www.journaldemontreal.com/2021/07/20/feminicide-dans-parc-extension-il-aurait-avoue-son-meurtre-a-sa-famille-dans-un-appel-video-horrifiant,2021-07-23 12:32:08,local
Kuujjuaq,maire OR mairesse,2,TVA Nouvelles,14e féminicide: la voiture du suspect retrouvée,2021-07-21,2,https://www.tvanouvelles.ca/2021/07/21/14e-feminicide-la-voiture-du-suspect-retrouvee,2021-07-23 12:32:08,local
Kuujjuaq,maire OR mairesse,3,Le Journal de Montréal,Un combattant de la rougeole premier vacciné du Nunavik,2021-01-25,179,https://www.journaldemontreal.com/2021/01/25/un-combattant-de-la-rougeole-premier-vaccine-du-nunavik,2021-07-23 12:32:08,local
Kuujjuaq,maire OR mairesse,4,Le Journal de Montréal,Le Nord-du-Québec privé de ses touristes,2020-08-16,341,https://www.journaldemontreal.com/2020/08/16/le-nord-du-quebec--prive-de-ses-touristes,2021-07-23 12:32:09,local
Kuujjuaq,maire OR mairesse,5,TVA Nouvelles,Des jours sans internet au Nunavik,2021-02-21,152,https://www.tvanouvelles.ca/2021/02/21/des-jours-sans-internet-au-nunavik,2021-07-23 12:32:09,local
Kuujjuaq,maire OR mairesse,6,Le Journal de Montréal,Climat de peur à la suite du meurtre d'une jeune femme,,,https://www.journaldemontreal.com/2018/06/14/un-resident-de-kuujjuaq-accuse-du-meurtre-dune-travailleuse-de-la-sante,2021-07-23 12:32:09,local
Kuujjuaq,maire OR mairesse,7,ICI.Radio-Canada.ca,"Kuujjuaq en état de crise après une vague de suicides | Autochtones : hier, aujourd'hui, demain",,,https://ici.radio-canada.ca/nouvelle/774242/kuujjuaq-vague-de-suicide,2021-07-23 12:32:09,local
Kuujjuaq,maire OR mairesse,8,La Presse,Grand Nord québécois : la croissance du bœuf musqué dérange les Inuits,,,https://www.lapresse.ca/actualites/environnement/2019-11-11/grand-nord-quebecois-la-croissance-du-boeuf-musque-derange-les-inuits,2021-07-23 12:32:09,local
Kuujjuaq,maire OR mairesse,9,Le Journal de Montréal,Caméras corporelles adoptées par les policiers de Kuujjuaq,,,https://www.journaldemontreal.com/2020/06/21/cameras-corporelles-adoptees-par-les-policiers-de-kuujjuaq,2021-07-23 12:32:10,local
Kuujjuaq,maire OR mairesse,10,Ma Côte-Nord,La plus grande expédition de motoneige de l'histoire partira de Maliotenam en février 22,2021-03-31,114,https://macotenord.com/la-plus-grande-expedition-de-motoneige-de-lhistoire-partira-de-maliotenam-en-fevrier-22/,2021-07-23 12:32:10,local
Kuujjuaq,maire OR mairesse,11,ICI.Radio-Canada.ca,Du suicide à des lendemains remplis d'espoir au Nunavik,2021-01-21,183,https://ici.radio-canada.ca/espaces-autochtones/1133617/nunavik-suicide-inuit-espoir-kuujjuaq-puvirnituq,2021-07-23 12:32:10,local
Kuujjuaq,maire OR mairesse,12,La Presse,Une partie de pêche au bout du monde,,,https://www.lapresse.ca/voyage/quebec-et-canada/2019-09-16/une-partie-de-peche-au-bout-du-monde,2021-07-23 12:32:11,local
Kuujjuaq,maire OR mairesse,13,ICI.Radio-Canada.ca,La vodka interdite au Nunavik en raison de la pandémie | Coronavirus,,,https://ici.radio-canada.ca/nouvelle/1701223/vodka-interdiction-nunavik-covid-19,2021-07-23 12:32:11,local
Kuujjuaq,maire OR mairesse,14,HuffPost Québec,"Dans le Grand Nord québécois, on ne choisit pas vraiment sa maison",,,https://quebec.huffingtonpost.ca/2019/01/11/grand-nord-quebec-habitation_a_23639371/,2021-07-23 12:32:11,local
Kuujjuaq,maire OR mairesse,15,Le Journal de Montréal,"Josée Legault On les met où, les pauvres?",2020-12-08,227,https://www.journaldemontreal.com/2020/12/08/on-les-met-ou-les-pauvres,2021-07-23 12:32:11,local
Kuujjuaq,maire OR mairesse,16,LaPresse.ca,Kuujjuaq ébranlée par une série de suicides,,,https://www.lapresse.ca/actualites/201602/16/01-4951503-kuujjuaq-ebranlee-par-une-serie-de-suicides.php,2021-07-23 12:32:12,local
Kuujjuaq,maire OR mairesse,17,Le Quotidien - Groupe Capitales Médias,Contrat de 20 M$ à Kuujjuaq pour une entreprise de Saint-Félicien,,,https://www.lequotidien.com/actualites/contrat-de-20-m-a-kuujjuaq-pour-une-entreprise-de-saint-felicien-e373267796669cdc296b277b58019238,2021-07-23 12:32:12,local
Kuujjuaq,maire OR mairesse,18,Le Devoir,"Les Inuits, au-delà de la carte postale",,,https://www.ledevoir.com/societe/actualites-en-societe/455512/les-inuits-au-dela-de-la-carte-postale,2021-07-23 12:32:13,local
Kuujjuaq,maire OR mairesse,19,ICI.Radio-Canada.ca,« On est vraiment déconnecté des élections » | Élections Québec 2018,,,https://ici.radio-canada.ca/nouvelle/1126064/ungava-nord-quebec-campagne-nunavik,2021-07-23 12:32:13,local
Kuujjuaq,maire OR mairesse,20,Le Devoir,Réinventer l'école au Nunavik,,,https://www.ledevoir.com/societe/403376/le-nunavik-en-chiffres,2021-07-23 12:32:13,local
Kuujjuaq,maire OR mairesse,21,LesAffaires.com,"Johnny Adams, l'homme à connaître | LesAffaires.com",,,https://www.lesaffaires.com/dossier/grand-nord/johnny-adams-l-homme-a-connaitre/540758,2021-07-23 12:32:13,local
Kuujjuaq,maire OR mairesse,22,Le Journal de Québec,«Dans l'œil de votre cellulaire»: vos plus belles photos prises avec votre téléphone,2020-12-21,214,https://www.journaldequebec.com/2020/12/21/dans-loeil-de-votre-cellulaire-vos-plus-belles-photos-prises-avec-votre-telephone,2021-07-23 12:32:13,local
Kuujjuaq,maire OR mairesse,23,LaPresse.ca,Gaétan Barrette accusé de préjugés contre les Autochtones,,,https://www.lapresse.ca/actualites/sante/201806/21/01-5186627-gaetan-barrette-accuse-de-prejuges-contre-les-autochtones.php,2021-07-23 12:32:14,local
Kuujjuaq,maire OR mairesse,24,ICI.Radio-Canada.ca,"Sheila Watt-Cloutier, une voix forte pour l'Arctique",2021-01-21,183,https://ici.radio-canada.ca/espaces-autochtones/1409303/sheila-watt-cloutier-arctique-changements-climatiques-nunavik,2021-07-23 12:32:14,local
Kuujjuaq,maire OR mairesse,25,Géo Plein Air,Les sentiers qui veulent rester dans l'ombre,2021-02-03,170,https://www.geopleinair.com/destinations/les-sentiers-qui-veulent-rester-dans-lombre/,2021-07-23 12:32:14,local
Kuujjuaq,candidat,1,Le Devoir,L'Inuite Mary Simon devient la 30e gouverneure générale du Canada,2021-07-07,16,https://www.ledevoir.com/politique/canada/616107/annonce-trudeau,2021-07-23 12:32:22,local
Kuujjuaq,candidat,2,Isarta,Agent (e) de communication - Agir tôt - Affaires médicales / Communication Officer - Early Act - Medical Affairs,2021-07-02,21,https://emplois.isarta.com/cgi-bin/emplois/pm.cgi?action=display&login=64263,2021-07-23 12:32:23,local
Kuujjuaq,candidat,3,ICI.Radio-Canada.ca,Une maison d'hébergement pour femmes déplore le décès prévisible d'une femme inuk,2021-02-26,147,https://ici.radio-canada.ca/espaces-autochtones/1773312/violence-conjugale-kuujjuaq-elisapee-angma,2021-07-23 12:32:23,local
Kuujjuaq,candidat,4,ICI.Radio-Canada.ca,Périple poétique entre l'Estrie et le Nunavik,2021-04-14,100,https://ici.radio-canada.ca/nouvelle/1784621/jean-francois-letourneau-auteur-sherbrooke-territoire,2021-07-23 12:32:23,local
Kuujjuaq,candidat,5,Le Devoir,Les promesses creuses de l'auteur du premier féminicide de l'année,2021-04-15,99,https://www.ledevoir.com/societe/598845/quebec-les-promesses-creuses-de-l-auteur-du-premier-feminicide-de-l-annee,2021-07-23 12:32:23,local
Kuujjuaq,candidat,6,Le Journal de Montréal,Les agents de protection de la faune sont en beau fusil,2021-03-13,132,https://www.journaldemontreal.com/2021/03/13/les-agents-de-protection-de-la-faune-sont-en-beau-fusil,2021-07-23 12:32:23,local
Kuujjuaq,candidat,7,ICI.Radio-Canada.ca,COVID-19 : Les communautés autochtones du Québec rattrapées par la deuxième vague | Coronavirus,2021-01-21,183,https://ici.radio-canada.ca/espaces-autochtones/1750612/covid-19-les-communautes-autochtones-du-quebec-rattrapees-par-la-deuxieme-vague,2021-07-23 12:32:24,local
Kuujjuaq,candidat,8,ICI.Radio-Canada.ca,« On est vraiment déconnecté des élections » | Élections Québec 2018,,,https://ici.radio-canada.ca/nouvelle/1126064/ungava-nord-quebec-campagne-nunavik,2021-07-23 12:32:24,local
Kuujjuaq,candidat,9,Le Journal de Montréal,Un 6e féminicide en moins de deux mois au Québec,2021-03-19,126,https://www.journaldemontreal.com/2021/03/19/un-6e-feminicide-en-moins-de-deux-mois-au-quebec,2021-07-23 12:32:24,local
Kuujjuaq,candidat,10,Le Journal de Montréal,Un centre de désintoxication de 37 millions $ construit à Kuujjuaq,,,https://www.journaldemontreal.com/2018/11/18/un-centre-de-desintoxication-de-37-millions--construit-a-kuujjuaq,2021-07-23 12:32:24,local
Kuujjuaq,candidat,11,LaPresse.ca,Une femme évincée de son logement trouvée morte à Kuujjuaq,,,https://www.lapresse.ca/actualites/201811/19/01-5204843-une-femme-evincee-de-son-logement-trouvee-morte-a-kuujjuaq.php,2021-07-23 12:32:24,local
Kuujjuaq,candidat,12,La Presse,Culture et éducation | Les jeunes Inuits en centres jeunesse mal encadrés à Montréal,2021-05-19,65,https://www.lapresse.ca/actualites/2021-05-19/culture-et-education/les-jeunes-inuits-en-centres-jeunesse-mal-encadres-a-montreal.php,2021-07-23 12:32:25,local
Kuujjuaq,candidat,13,Journal Métro,Une femme dans un état critique à la suite d'une agression à LaSalle,2021-03-20,125,https://journalmetro.com/actualites/montreal/2625712/femme-dans-etat-critique-suite-dune-agression-lasalle/,2021-07-23 12:32:25,local
Kuujjuaq,candidat,14,LaPresse.ca,Grand Nord: la police menace de se retirer de la région,,,https://www.lapresse.ca/actualites/regional/201811/23/01-5205444-grand-nord-la-police-menace-de-se-retirer-de-la-region.php,2021-07-23 12:32:25,local
Kuujjuaq,candidat,15,Le Journal de Montréal,Les défis de la police du Nord,,,https://www.journaldemontreal.com/2017/06/10/les-defis-de-la-police-du-nord,2021-07-23 12:32:25,local
Kuujjuaq,candidat,16,La Presse,"Aérogare d'Inukjuak : à peine inaugurée, déjà à reconstruire",,,https://www.lapresse.ca/actualites/regional/2019-05-15/aerogare-d-inukjuak-a-peine-inauguree-deja-a-reconstruire,2021-07-23 12:32:26,local
Kuujjuaq,candidat,17,Le Journal de Montréal,Voici les adresses des 28 SQDC (actuelles et futures),,,https://www.journaldemontreal.com/2019/07/11/voici-les-adresses-des-28-sqdc-actuelles-et-futures,2021-07-23 12:32:26,local
Kuujjuaq,candidat,18,Grenier aux Nouvelles,Coordonnateur(trice) aux communications et partenariats | AQDFL - Association québécoise de la distribution de fruits et légumes | Grenier aux Emplois,2021-07-07,16,https://www.grenier.qc.ca/emplois/50285/coordonnateurtrice-aux-communications-et-partenariats,2021-07-23 12:32:26,local
Kuujjuaq,candidat,19,Le Devoir,De la rue Fairmount à Kuujjuaq,,,https://www.ledevoir.com/lire/468850/entrevue-de-la-rue-fairmount-a-kuujjuaq,2021-07-23 12:32:27,local
Kuujjuaq,candidat,20,Métro Montréal,"Montréal-Kuujjuaq en ski de fond, à travers un Québec méconnu",,,https://journalmetro.com/actualites/montreal/415821/2-000-km-en-ski-de-fond-dans-un-quebec-meconnu/,2021-07-23 12:32:27,local
Kuujjuaq,candidat,21,Le Devoir,"Au Nunavik, les prisonniers d'un système inadapté",,,https://www.ledevoir.com/societe/543315/les-prevenus-du-nunavik-sont-victimes-de-discriminati,2021-07-23 12:32:28,local
Kuujjuaq,candidat,22,Le Devoir,Se tenir debout quand on n'est «rien»,,,https://www.ledevoir.com/politique/quebec/455169/ils-n-etaient-rien-ils-sont-maintenant-debout,2021-07-23 12:32:28,local
Kuujjuaq,candidat,23,Le Devoir,Une deuxième candidate autochtone aux élections,,,https://www.ledevoir.com/politique/quebec/536401/une-deuxieme-candidate-autochtone-aux-elections,2021-07-23 12:32:28,local
Kuujjuaq,candidat,24,La Presse,Le Québec de la laïcité: la vie de député au nord du Nord,,,https://www.lapresse.ca/actualites/regional/2019-05-22/le-quebec-de-la-laicite-la-vie-de-depute-au-nord-du-nord,2021-07-23 12:32:28,local
Kuujjuaq,candidat,25,L'Étoile du Lac,Contrat de 20 M$ pour Pavex à Kuujjaq : un logistique impressionnante,,,https://www.letoiledulac.com/actualite/contrat-de-20-m-pour-pavex-a-kuujjaq-un-logistique-impressionnante/,2021-07-23 12:32:28,local
Kuujjuaq,préfet,1,Droit-Inc.com,Élections 2018 : 25 avocats dans la bataille électorale!,,,https://www.droit-inc.com/article23284-Elections-2018-25-avocats-dans-la-bataille-electorale,2021-07-23 12:32:35,local
Kuujjuaq,préfet,2,Le Journal de Québec,"«Les îles, c'est une autre planète»",,,https://www.journaldequebec.com/2015/08/31/les-iles-cest-une-autre-planete,2021-07-23 12:32:35,local
Kuujjuaq,"""travaux routiers""",1,ICI.Radio-Canada.ca,Explosion des coûts d'asphaltage : des entrepreneurs répliquent,,,https://ici.radio-canada.ca/nouvelle/1173693/explosion-couts-asphalte-conseillers-saguenay,2021-07-23 12:32:42,local
Kuujjuaq,autobus OR tramway,1,Le Journal de Québec,Société Les pensionnats de l'horreur,2021-06-10,43,https://www.journaldequebec.com/actualite/les-pensionnats-de-l-horreur,2021-07-23 12:32:51,local
Kuujjuaq,autobus OR tramway,2,ICI.Radio-Canada.ca,"Le Nunavik, Nagano et les films de princesse",,,https://ici.radio-canada.ca/nouvelle/1128144/nunavik-films-princesse-nagano-osm-inuit,2021-07-23 12:32:51,local
Kuujjuaq,autobus OR tramway,3,LaPresse.ca,Grand Nord: la police menace de se retirer de la région,,,https://www.lapresse.ca/actualites/regional/201811/23/01-5205444-grand-nord-la-police-menace-de-se-retirer-de-la-region.php,2021-07-23 12:32:51,local
Kuujjuaq,autobus OR tramway,4,Le Devoir,Un tramway en pièces détachées pour Québec,,,https://www.ledevoir.com/politique/canada/554272/infrastructures-autre-pomme-de-discorde-entre-quebec-et-ottawa,2021-07-23 12:32:51,local
Kuujjuaq,autobus OR tramway,5,Le Devoir,Le Nunavik privé d'un procureur de la Couronne permanent,,,https://www.ledevoir.com/societe/543394/acces-a-la-justice-precarise-au-nunavik,2021-07-23 12:32:51,local
Kuujjuaq,autobus OR tramway,6,La Presse,"Aérogare d'Inukjuak : à peine inaugurée, déjà à reconstruire",,,https://www.lapresse.ca/actualites/regional/2019-05-15/aerogare-d-inukjuak-a-peine-inauguree-deja-a-reconstruire,2021-07-23 12:32:52,local
Kuujjuaq,autobus OR tramway,7,Le Devoir,"Au Nunavik, les prisonniers d'un système inadapté",,,https://www.ledevoir.com/societe/543315/les-prevenus-du-nunavik-sont-victimes-de-discriminati,2021-07-23 12:32:52,local
Kuujjuaq,autobus OR tramway,8,La Presse,Le Québec de la laïcité: la vie de député au nord du Nord,,,https://www.lapresse.ca/actualites/regional/2019-05-22/le-quebec-de-la-laicite-la-vie-de-depute-au-nord-du-nord,2021-07-23 12:32:52,local
Kuujjuaq,autobus OR tramway,9,ICI.Radio-Canada.ca,Des femmes du Nunavik disent #MoiAussi,,,https://ici.radio-canada.ca/nouvelle/1090630/femmes-nunavik-moiaussi-uvangalu-agressions-violences-sexuelles,2021-07-23 12:32:52,local
Kuujjuaq,autobus OR tramway,10,Le Devoir,"Étudier en français, un grand défi pour les Inuits du Nunavik",,,https://www.ledevoir.com/societe/education/512720/etudier-en-francais-un-grand-defi-pour-les-inuits-du-nunavik,2021-07-23 12:32:52,local
Kuujjuaq,autobus OR tramway,11,Le Devoir,Inuite sans abri happée mortellement: d'autres accidents semblables ont eu lieu,2020-07-30,358,https://www.ledevoir.com/societe/583298/montreal-unie-inuite-sans-abri-happee-mortellement,2021-07-23 12:32:53,local
Kuujjuaq,autobus OR tramway,12,Grenier aux Nouvelles,Conseiller(ère) en communication | Ville de Québec | Grenier aux Emplois,2020-11-12,253,https://www.grenier.qc.ca/emplois/46672/conseillerere-en-communication,2021-07-23 12:32:53,local
Kuujjuaq,autobus OR tramway,13,ICI.Radio-Canada.ca,Un jardin... dans le coffre d'une camionnette!,,,https://ici.radio-canada.ca/nouvelle/1185179/jardins-urbains-stationnements-sensibilisation,2021-07-23 12:32:53,local
Kuujjuaq,autobus OR tramway,14,LaPresse.ca,Grand Nord: fin des évacuations médicales d'enfants en solitaire,,,https://www.lapresse.ca/actualites/regional/201806/30/01-5187791-grand-nord-fin-des-evacuations-medicales-denfants-en-solitaire.php,2021-07-23 12:32:53,local
Kuujjuaq,autobus OR tramway,15,Le Soleil - Groupe Capitales Médias,Suivez les couleurs d'automne à la carte,,,https://www.lesoleil.com/le-mag/plein-air/suivez-les-couleurs-dautomne-a-la-carte-2dc82e0508098ec43f5fdc3ee5c377a2,2021-07-23 12:32:53,local
Kuujjuaq,autobus OR tramway,16,Le Quotidien - Groupe Capitales Médias,Maison du Bleuet: une bâtisse dans la mire,,,https://www.lequotidien.com/affaires/maison-du-bleuet-une-batisse-dans-la-mire-de3abc6375c6d6ac89d22fba1fe3e365,2021-07-23 12:32:53,local
Kuujjuaq,autobus OR tramway,17,Le Journal de Québec,Découvrez quel est le véhicule le plus populaire dans votre ville,,,https://www.journaldequebec.com/2019/07/19/plus-de-pick-up-moins-de-voitures,2021-07-23 12:32:54,local
Kuujjuaq,autobus OR tramway,18,Le Huffington Post Quebec,Course Ivakkak au Nunavik : pour l'amour des chiens et des traditions inuit (REPORTAGE),,,https://quebec.huffingtonpost.ca/2014/03/19/course-ivakkak-au-nunavik--pour-lamour-des-chiens-et-des-traditions-inuit_n_4992502.html,2021-07-23 12:32:54,local
Kuujjuaq,autobus OR tramway,19,L’actualité,Des emplois venus du froid,,,https://lactualite.com/lactualite-affaires/des-emplois-venus-du-froid/,2021-07-23 12:32:54,local
Kuujjuaq,autobus OR tramway,20,L’actualité,Embarquement immédiat: Les croisières et excursions au Québec,,,https://lactualite.com/societe/embarquement-immediat-les-croisieres-et-excursions-au-quebec/,2021-07-23 12:32:54,local
Kuujjuaq,autobus OR tramway,21,TVA Nouvelles,Ces endroits où la voiture n'est pas reine,,,https://www.tvanouvelles.ca/2019/07/19/ces-municipalites-ou-la-voiture-nest-pas-reine,2021-07-23 12:32:55,local
Kuujjuaq,météo,1,MétéoMédia,Ce nouveau record donne vraiment froid dans le dos,2021-02-08,165,https://www.meteomedia.com/sd/nouvelles/article/court-terme-sous-50-c-au-pays-ce-week-end-le-quebec-dans-la-mire-du,2021-07-23 12:33:06,local
Kuujjuaq,météo,2,MétéoMédia,Plus de 20 cm de NEIGE attendus dans un secteur du Québec,2020-09-17,309,https://www.meteomedia.com/ca/nouvelles/article/attention-a-vos-recoltes-risque-de-gel-au-sol,2021-07-23 12:33:06,local
Kuujjuaq,météo,3,MétéoMédia,Vortex polaire : la neige fait son entrée au Québec,2020-09-29,297,https://www.meteomedia.com/ca/nouvelles/article/vortex-polaire-la-neige-fait-son-entree-au-quebec,2021-07-23 12:33:06,local
Kuujjuaq,météo,4,La Presse,Deux morts et un blessé après une attaque à Kuujjuaq,2021-02-05,168,https://www.lapresse.ca/actualites/justice-et-faits-divers/2021-02-05/deux-morts-et-un-blesse-apres-une-attaque-a-kuujjuaq.php,2021-07-23 12:33:06,local
Kuujjuaq,météo,5,MétéoMédia,Québec : de 30 °C à… la neige !,,,https://www.meteomedia.com/ca/nouvelles/article/quebec-de-30-c-a-la-neige,2021-07-23 12:33:07,local
Kuujjuaq,météo,6,MétéoMédia,Cette région n’avait pas connu une telle anomalie depuis plus de 33 mois,,,https://www.meteomedia.com/ca/nouvelles/article/cette-region-navait-pas-connu-une-telle-anomalie-depuis-plus-de-33-mois,2021-07-23 12:33:07,local
Kuujjuaq,météo,7,Le Journal de Montréal,"Accès difficile à internet : au Nunavik, des jours sans service",2021-02-21,152,https://www.journaldemontreal.com/2021/02/21/acces-difficile-a-internet--au-nunavik-des-jours-sans-service,2021-07-23 12:33:07,local
Kuujjuaq,météo,8,LaPresse.ca,"-45°C, «c'est bien normal» à Kuujjuaq",,,https://www.lapresse.ca/actualites/201501/07/01-4833117--45c-cest-bien-normal-a-kuujjuaq.php,2021-07-23 12:33:07,local
Kuujjuaq,météo,9,MétéoMédia,Dernière chance pour atteindre 30 °C en septembre,2020-09-25,301,https://www.meteomedia.com/ca/nouvelles/article/derniere-chance-pour-atteindre-30-c-en-septembre,2021-07-23 12:33:08,local
Kuujjuaq,météo,10,MétéoMédia,Le SEUL endroit au Québec où il a fait chaud,,,https://www.meteomedia.com/ca/nouvelles/article/le-printemps-morose-acheve-par-un-mois-de-mai-a-lenvers,2021-07-23 12:33:08,local
Kuujjuaq,météo,11,MétéoMédia,Encore des records de froid avant le retour à la normale,,,https://www.meteomedia.com/ca/nouvelles/article/les-records-de-froid-ne-cessent-de-tomber-au-quebec,2021-07-23 12:33:08,local
Kuujjuaq,météo,12,MétéoMédia,"Octobre, le mois des extrêmes",2020-10-02,294,https://www.meteomedia.com/ca/nouvelles/article/octobre-les-mois-des-extremes,2021-07-23 12:33:08,local
Kuujjuaq,météo,13,Le Journal de Montréal,Un combattant de la rougeole premier vacciné du Nunavik,2021-01-25,179,https://www.journaldemontreal.com/2021/01/25/un-combattant-de-la-rougeole-premier-vaccine-du-nunavik,2021-07-23 12:33:08,local
Kuujjuaq,météo,14,MétéoMédia,Avril 2020 a été à un cheveu d’être le plus chaud sur Terre,,,https://www.meteomedia.com/ca/nouvelles/article/avril-2020-a-ete-a-un-cheveu-detre-le-plus-chaud-sur-terre,2021-07-23 12:33:09,local
Kuujjuaq,météo,15,Le Journal de Montréal,Un enfant atteint par balle à Kuujjuaq,2021-03-03,142,https://www.journaldemontreal.com/2021/03/03/un-enfant-atteint-par-balle-a-kuujjuaq,2021-07-23 12:33:09,local
Kuujjuaq,météo,16,Le Journal de Montréal,Un jeune de 5 ans atteint par balle son petit frère à Kuujjuaq,2021-03-05,140,https://www.journaldemontreal.com/2021/03/05/un-jeune-de-5-ans-atteint-par-balle-son-petit-frere-a-kuujjuaq,2021-07-23 12:33:09,local
Kuujjuaq,météo,17,ICI.Radio-Canada.ca,Randy Koneak reconnu coupable du meurtre de Chloé Labrie à Kuujjuaq,2020-12-05,230,https://ici.radio-canada.ca/nouvelle/1754763/verdict-jury-homicide-victoriaville-nunavik,2021-07-23 12:33:09,local
Kuujjuaq,météo,18,Le Journal de Montréal,Assassinée peu après la libération de son ex,2021-02-19,154,https://www.journaldemontreal.com/2021/02/19/assassinee-peu-apres-la-liberation-de-son-ex,2021-07-23 12:33:09,local
Kuujjuaq,météo,19,MétéoMédia,Encore de la pluie avant le week-end,,,https://www.meteomedia.com/ca/nouvelles/article/orages-violents-aux-etats-unis-des-precipitations-pour-le-quebec,2021-07-23 12:33:10,local
Kuujjuaq,météo,20,MétéoMédia,Plus chaud dans le Nord-du-Québec qu'à Montréal!,,,https://www.meteomedia.com/ca/nouvelles/article/plus-chaud-dans-le-nord-du-quebec-qua-montreal,2021-07-23 12:33:10,local
Kuujjuaq,météo,21,MétéoMédia,Le point chaud au Québec ne se trouve pas à un endroit habituel,,,https://www.meteomedia.com/ca/nouvelles/article/le-point-chaud-au-quebec-se-trouve-a-un-endroit-tres-inhabituel,2021-07-23 12:33:10,local
Kuujjuaq,météo,22,MétéoMédia,"Première moitié d’octobre : complètement déréglée au Canada, voyez pourquoi",,,https://www.meteomedia.com/ca/nouvelles/article/premiere-moitie-doctobre-completement-dereglee-au-canada-voyez-pourquoi,2021-07-23 12:33:10,local
Kuujjuaq,météo,23,MétéoMédia,"Ce n’est pas une illusion, l’hiver ne tourne pas rond au Québec. Voyez pourquoi.",,,https://www.meteomedia.com/ca/nouvelles/article/ce-nest-pas-une-illusion-lhiver-ne-tourne-pas-rond-au-quebec-voyez-pourquoi,2021-07-23 12:33:10,local
Kuujjuaq,météo,24,MétéoMédia,Les preuves en chiffres que la chaleur est en retard,,,https://www.meteomedia.com/ca/nouvelles/article/les-preuves-en-chiffres-que-la-chaleur-est-en-retard,2021-07-23 12:33:10,local
Kuujjuaq,météo,25,Le Journal de Montréal,Le Nord-du-Québec privé de ses touristes,2020-08-16,341,https://www.journaldemontreal.com/2020/08/16/le-nord-du-quebec--prive-de-ses-touristes,2021-07-23 12:33:11,local
