Villes,Mots-clés,position du média,Nom du média,Titre de l'article,Date de publication,Journée de différence,URL,date et heure saisie,type mot-clés
Mont-Laurier,"""premier ministre""",1,VINGT 55 Média web,La SAQ confirme la transition vers un système de consigne modernisé,2021-08-17,11,https://vingt55.ca/demarrage-de-sept-projets-pilotes-pour-moderniser-le-systeme-de-consigne-quebecois/,2021-08-28 11:16:04,national
Mont-Laurier,"""premier ministre""",2,Radio-Canada.ca,Comme Churchill en 1945?,2021-05-03,117,https://ici.radio-canada.ca/nouvelle/1789774/auger-michelc-analyse-legault-crise-logement,2021-08-28 11:16:04,national
Mont-Laurier,"""premier ministre""",3,Le Journal de Montréal,Le premier ministre François Legault vacciné au Stade olympique de Montréal,2021-03-26,155,https://www.journaldemontreal.com/2021/03/26/le-premier-ministre-francois-legault-vaccine-au-stade-olympique-de-montreal,2021-08-28 11:16:04,national
Mont-Laurier,"""premier ministre""",4,ICI.Radio-Canada.ca,Finis les soupers au restaurant à Saint-Sauveur et à Mont-Tremblant | Coronavirus,2020-12-12,259,https://ici.radio-canada.ca/nouvelle/1756385/laurentides-zone-rouge-covid-19,2021-08-28 11:16:05,national
Mont-Laurier,"""premier ministre""",5,Le Journal de Québec,La fermeture d'une pisciculture publique inquiète dans les Laurentides,2021-03-16,165,https://www.journaldequebec.com/2021/03/16/la-fermeture-dune-pisciculture-publique-inquiete-dans-les-laurentides,2021-08-28 11:16:05,national
Mont-Laurier,"""premier ministre""",6,La Presse,Couvre-feu à 21 h 30 en zone rouge,2021-03-16,165,https://www.lapresse.ca/covid-19/2021-03-16/couvre-feu-a-21-h-30-en-zone-rouge.php,2021-08-28 11:16:05,national
Mont-Laurier,"""premier ministre""",7,La Presse,Variants de la COVID-19 | « De sérieux maux de tête » pour les écoles,2021-03-24,157,https://www.lapresse.ca/actualites/education/2021-03-24/variants-de-la-covid-19/de-serieux-maux-de-tete-pour-les-ecoles.php,2021-08-28 11:16:05,national
Mont-Laurier,"""premier ministre""",8,Le Journal de Montréal,"Les routes dangereuses du Québec : des victoires, mais à quel prix?",2020-10-17,315,https://www.journaldemontreal.com/2020/10/17/des-victoires-mais-a-quel-prix,2021-08-28 11:16:05,national
Mont-Laurier,"""premier ministre""",9,Journal Accès,Montréal et Laval: le couvre-feu ramené à 20 h - Accès Laurentides,2021-04-08,142,https://www.journalacces.ca/montreal-et-laval-le-couvre-feu-ramene-a-20-h/,2021-08-28 11:16:06,national
Mont-Laurier,"""premier ministre""",10,CNW Telbec,La Laiterie des trois vallées pourra accroître sa productivité et poursuivre son expansion,2020-11-17,284,https://www.newswire.ca/fr/news-releases/la-laiterie-des-trois-vallees-pourra-accroitre-sa-productivite-et-poursuivre-son-expansion-891363163.html,2021-08-28 11:16:06,national
Mont-Laurier,"""premier ministre""",11,TVA Nouvelles,Vague de meurtres découlant de la violence conjugale,2021-03-03,178,https://www.tvanouvelles.ca/2021/03/03/vague-de-meurtres-decoulant-de-la-violence-conjugale,2021-08-28 11:16:06,national
Mont-Laurier,"""premier ministre""",12,Le Soleil - Groupe Capitales Médias,COVID-19: lettre de Doug Ford et François Legault à Justin Trudeau,2021-04-22,128,https://www.lesoleil.com/opinions/point-de-vue/covid-19-lettre-de-doug-ford-et-francois-legault-a-justin-trudeau-3bc634fd532830d2290fe05f884d42f2,2021-08-28 11:16:06,national
Mont-Laurier,"""premier ministre""",13,Radio-Canada.ca,Nimâ Machouf souhaite de nouveau être candidate pour le NPD,2021-03-28,153,https://ici.radio-canada.ca/nouvelle/1780499/nima-machouf-npd-election-laurier-sainte-marie,2021-08-28 11:16:06,national
Mont-Laurier,"""premier ministre""",14,Le Droit - Groupe Capitales Médias,Le couvre-feu entre en vigueur partout au Québec,2021-01-10,230,https://www.ledroit.com/actualites/le-couvre-feu-entre-en-vigueur-partout-au-quebec-c4da095ba88fe2b50303ebe4be201103,2021-08-28 11:16:07,national
Mont-Laurier,"""premier ministre""",15,Le Soleil - Groupe Capitales Médias,Une prime COVID pour M. Legault? | Opinions,2021-03-07,174,https://www.lesoleil.com/opinions/une-prime-covid-pour-m-legault-4faaa5727373c0d5f69db16079a917e3,2021-08-28 11:16:07,national
Mont-Laurier,"""premier ministre""",16,ICI.Radio-Canada.ca,Québec lance quatre projets pilotes pour la consigne de bouteilles de vin,2020-11-02,299,https://ici.radio-canada.ca/nouvelle/1746191/saq-recyclage-systeme-consigne,2021-08-28 11:16:07,national
Mont-Laurier,"""premier ministre""",17,La Presse,Votre avis sur la nomination de la gouverneure générale,2021-07-10,49,https://www.lapresse.ca/debats/courrier-des-lecteurs/2021-07-10/votre-avis-sur-la-nomination-de-la-gouverneure-generale.php,2021-08-28 11:16:08,national
Mont-Laurier,"""premier ministre""",18,La Voix de l'est - Groupe Capitales Médias,"Il y a un an, le premier cas de COVID-19 au Québec",2021-02-27,182,https://www.lavoixdelest.ca/actualites/covid-19/il-y-a-un-an-le-premier-cas-de-covid-19-au-quebec-c87c5cfed67cbf674d048499ab3b1f28,2021-08-28 11:16:08,national
Mont-Laurier,"""premier ministre""",19,Le Soleil - Groupe Capitales Médias,Excuses exigées du pape: Trudeau se tire dans le pied,2021-07-04,55,https://www.lesoleil.com/opinions/point-de-vue/excuses-exigees-du-pape-trudeau-se-tire-dans-le-pied-7bc863297705a3ae1aabd4bb00cebf79,2021-08-28 11:16:08,national
Mont-Laurier,"""premier ministre""",20,Le Devoir,La quasi-totalité des Laurentides passe en zone rouge,2020-12-11,260,https://www.ledevoir.com/societe/sante/591566/les-laurentides-passent-au-rouge,2021-08-28 11:16:08,national
Mont-Laurier,"""premier ministre""",21,Le Soleil - Groupe Capitales Médias,Il faut mettre fin à l'état d'urgence au Québec,2021-05-26,94,https://www.lesoleil.com/opinions/point-de-vue/il-faut-mettre-fin-a-letat-durgence-au-quebec-dc7d5d3ac50da71582ef4039b93ea618,2021-08-28 11:16:08,national
Mont-Laurier,"""premier ministre""",22,Journal Accès,Le CISSS des Laurentides comptera huit sites de vaccination - Accès Laurentides,2021-02-16,193,https://www.journalacces.ca/le-cisss-des-laurentides-comptera-huit-sites-de-vaccination/,2021-08-28 11:16:09,national
Mont-Laurier,"""premier ministre""",23,Le Soleil - Groupe Capitales Médias,Tramway à Charlesbourg: où sont Jonatan Julien et Vincent Dufresne?,2021-03-14,167,https://www.lesoleil.com/opinions/tramway-a-charlesbourg-ou-sont-jonatan-julien-et-vincent-dufresne-ebb4ab95f98bd7ee891ed4834b254325,2021-08-28 11:16:09,national
Mont-Laurier,"""premier ministre""",24,La Presse,La Presse en Abitibi-Témiscamingue | Le village gaulois | La Presse,2020-12-05,266,https://www.lapresse.ca/covid-19/2020-12-05/la-presse-en-abitibi-temiscamingue/le-village-gaulois.php,2021-08-28 11:16:09,national
Mont-Laurier,"""premier ministre""",25,ICI.Radio-Canada.ca,COVID-19 : des déplacements interrégionaux pour obtenir son permis de conduire | Coronavirus,2021-02-06,203,https://ici.radio-canada.ca/nouvelle/1768897/saaq-examen-conduite-deplacements-interregionaux-covid-19,2021-08-28 11:16:09,national
Mont-Laurier,climat,1,Radio-Canada.ca,Contenants consignés : Québec lance une série de projets pilotes,2021-08-17,11,https://ici.radio-canada.ca/nouvelle/1817272/consigne-modernisation-quebec-projets-pilotes,2021-08-28 11:17:02,national
Mont-Laurier,climat,2,LesAffaires.com,Consigne des contenants: Québec lance 7 projets pilotes,2021-08-17,11,https://www.lesaffaires.com/secteurs-d-activite/general/consigne-des-contenants-quebec-lance-7-projets-pilotes/626602,2021-08-28 11:17:02,national
Mont-Laurier,climat,3,Le Journal de Québec,"Consigne élargie: sept projets pilotes, mais aucune estimation des coûts totaux",2021-08-17,11,https://www.journaldequebec.com/2021/08/17/consigne-elargie-quebec-lance-sept-projets-pilotes,2021-08-28 11:17:02,national
Mont-Laurier,climat,4,VINGT 55 Média web,La SAQ confirme la transition vers un système de consigne modernisé,2021-08-17,11,https://vingt55.ca/demarrage-de-sept-projets-pilotes-pour-moderniser-le-systeme-de-consigne-quebecois/,2021-08-28 11:17:02,national
Mont-Laurier,climat,5,Le Soleil de Châteauguay,Vidéo - Contenants consignés : Châteauguay participe à un projet pilote,2021-08-18,10,https://www.cybersoleil.com/Contenants-consignes-chateauguay-participe-a-un-projet-pilote/,2021-08-28 11:17:02,national
Mont-Laurier,climat,6,Le Soleil - Groupe Capitales Médias,Sept projets pilotes pour élargir la consigne au Québec,2021-08-17,11,https://www.lesoleil.com/affaires/sept-projets-pilotes-pour-elargir-la-consigne-au-quebec-3277edf15ed70ed72e72a970176d10ae,2021-08-28 11:17:03,national
Mont-Laurier,climat,7,Mon Joliette,Consignes : Terrebonne fera partie du projet,2021-08-18,10,https://monjoliette.com/consignes-terrebonne-fera-partie-du-projet/,2021-08-28 11:17:03,national
Mont-Laurier,climat,8,Le Reflet,VIDÉO - Châteauguay participe à un projet pilote de contenants consignés,2021-08-19,9,https://www.lereflet.qc.ca/Contenants-consignes-chateauguay-participe-a-un-projet-pilote/,2021-08-28 11:17:03,national
Mont-Laurier,climat,9,Le Soleil - Groupe Capitales Médias,Pour une action gouvernementale à la mesure de la crise climatique,2021-07-24,35,https://www.lesoleil.com/opinions/pour-une-action-gouvernementale-a-la-mesure-de-la-crise-climatique-868b7a4baaa800ca9a1ed091e724c2e7,2021-08-28 11:17:03,national
Mont-Laurier,climat,10,Le Droit - Groupe Capitales Médias,Sauver le climat en construisant la résilience des collectivités,2021-07-19,40,https://www.ledroit.com/opinions/votre-opinion/sauver-le-climat-en-construisant-la-resilience-des-collectivites-23a82cbc7078c7253d7ddbc7872a1530,2021-08-28 11:17:04,national
Mont-Laurier,climat,11,Le Soleil - Groupe Capitales Médias,Avoir peur du réchauffement climatique est un signe salutaire de lucidité,2021-03-13,168,https://www.lesoleil.com/opinions/point-de-vue/avoir-peur-du-rechauffement-climatique-est-un-signe-salutaire-de-lucidite-0b60ad84bcf897c954b49bab2dd5ac5a,2021-08-28 11:17:04,national
Mont-Laurier,climat,12,MétéoMédia,Orages violents : le risque perdure,2021-06-28,61,https://www.meteomedia.com/ca/nouvelles/article/orages-violents-et-tornade-deux-elements-necessaires-reunis,2021-08-28 11:17:04,national
Mont-Laurier,climat,13,Journal Le Nord,Grève mondiale pour le climat : Le Cégep de Saint-Jérôme se joindra aux manifestations,,,https://www.journallenord.com/greve-mondiale-pour-le-climat-le-cegep-de-saint-jerome-se-joindra-aux-manifestations/,2021-08-28 11:17:04,national
Mont-Laurier,climat,14,Le Soleil - Groupe Capitales Médias,Introduction aux changements... euh… à la catastrophe climatique,2021-03-27,154,https://www.lesoleil.com/opinions/point-de-vue/introduction-aux-changements-euh-a-la-catastrophe-climatique-368f795ab8abb7ebf0c1682c95c84ae5,2021-08-28 11:17:04,national
Mont-Laurier,climat,15,Le Soleil - Groupe Capitales Médias,«Mieux vaut prévenir que guérir» : un système de santé résilient aux chocs climatiques (1/2),2021-06-19,70,https://www.lesoleil.com/opinions/point-de-vue/mieux-vaut-prevenir-que-guerir--un-systeme-de-sante-resilient-aux-chocs-climatiques-1-2-1db23fc8a83d955030c8be3130eb7d2a,2021-08-28 11:17:04,national
Mont-Laurier,climat,16,La Presse,Entente sur la chasse à l'orignal entre Québec et les communautés anichinabées,2021-06-03,86,https://www.lapresse.ca/actualites/2021-06-03/entente-sur-la-chasse-a-l-orignal-entre-quebec-et-les-communautes-anichinabees.php,2021-08-28 11:17:05,national
Mont-Laurier,climat,17,MétéoMédia,Microrafale confirmée à Mont-Laurier : les vents ont atteint 150 km/h,,,https://www.meteomedia.com/ca/nouvelles/article/heure-en-heure-les-orages-frappent-au-quebec,2021-08-28 11:17:05,national
Mont-Laurier,climat,18,Le Droit - Groupe Capitales Médias,Changements climatiques: la cause de la cause | À vous la parole | Opinions,2021-04-28,122,https://www.ledroit.com/opinions/votre-opinion/changements-climatiques-la-cause-de-la-cause-811ed50b066dde48c90438d83ecad345,2021-08-28 11:17:05,national
Mont-Laurier,climat,19,Le Figaro,Voyage culinaire à Corfou,2021-08-22,6,https://www.lefigaro.fr/voyages/voyage-culinaire-a-corfou-20210815,2021-08-28 11:17:05,national
Mont-Laurier,climat,20,La Tribune - Groupe Capitales Médias,Les truites de Jean-Claude | Actualités,2021-06-07,82,https://www.latribune.ca/actualites/les-truites-de-jean-claude-5470569be7a365edc47c00d9f0a415cd,2021-08-28 11:17:05,national
Mont-Laurier,climat,21,La Presse,Réserve faunique La Vérendrye | Barrages autochtones : la police conseille aux chasseurs de fuir la nuit,2020-10-15,317,https://www.lapresse.ca/actualites/2020-10-15/reserve-faunique-la-verendrye/barrages-autochtones-la-police-conseille-aux-chasseurs-de-fuir-la-nuit.php,2021-08-28 11:17:06,national
Mont-Laurier,climat,22,La Presse,"Les inondations, événement climatique de 2019 | La Presse",,,https://www.lapresse.ca/actualites/environnement/2019-12-24/les-inondations-evenement-climatique-de-2019,2021-08-28 11:17:06,national
Mont-Laurier,climat,23,L’actualité,Vive le Québec sauvage : 65 sites où découvrir la biodiversité,2021-05-05,115,https://lactualite.com/environnement/vive-le-quebec-sauvage-65-sites-ou-decouvrir-la-biodiversite/,2021-08-28 11:17:06,national
Mont-Laurier,climat,24,Le Journal de Montréal,Transport interrégional: pour une vision d'ensemble du territoire,2020-11-18,283,https://www.journaldemontreal.com/2020/11/18/transport-interregional-pour-une-vision-densemble-du-territoire,2021-08-28 11:17:06,national
Mont-Laurier,climat,25,La Presse,"Barrages autochtones | «Si on ne chasse pas, ils gagnent»",2020-10-13,319,https://www.lapresse.ca/actualites/2020-10-13/barrages-autochtones/si-on-ne-chasse-pas-ils-gagnent.php,2021-08-28 11:17:06,national
Mont-Laurier,immigration,1,Nord Info et Voix des Mille-Iles,Immigration dans les Laurentides: de bonnes nouvelles,2021-06-23,66,https://www.nordinfo.com/actualites/immigration-dans-les-laurentides-de-bonnes-nouvelles/,2021-08-28 11:17:25,national
Mont-Laurier,immigration,2,L'Éveil et La Concorde,Immigration et d'intégration: des résultats positifs dans la région des Laurentides - Journal L'Éveil de Saint-Eustache,2021-07-14,45,https://www.leveil.com/actualites/immigration-et-dintegration-des-resultats-positifs-dans-la-region-des-laurentides,2021-08-28 11:17:25,national
Mont-Laurier,immigration,3,Journal Accès,Immigration et intégration dans les Laurentides - Accès Laurentides,2021-06-28,61,https://www.journalacces.ca/immigration-et-integration-dans-les-laurentides-des-resultats-positifs/,2021-08-28 11:17:25,national
Mont-Laurier,immigration,4,Journal Métro,"La pérennisation des critères linguistiques en immigration, une nécessité pour la stabilité linguistique !",2021-07-04,55,https://journalmetro.com/debats/2663834/perennisation-criteres-linguistiques-immigration-necessite-pour-stabilite-linguistique/,2021-08-28 11:17:25,national
Mont-Laurier,immigration,5,Le Soleil - Groupe Capitales Médias,Les immigrants titulaires d'un diplôme universitaire: le problème de la surqualification,2021-05-11,109,https://www.lesoleil.com/opinions/point-de-vue/les-immigrants-titulaires-dun-diplome-universitaire-le-probleme-de-la-surqualification-e8dd592d47582cfe1914883de95e18f3,2021-08-28 11:17:26,national
Mont-Laurier,immigration,6,Le Soleil - Groupe Capitales Médias,Pénurie de main-d'œuvre: l'immigration doit faire partie de la solution à Québec,2021-05-10,110,https://www.lesoleil.com/opinions/point-de-vue/penurie-de-main-duvre-limmigration-doit-faire-partie-de-la-solution-a-quebec-da85ac87229d00eb07e96131f6226c4c,2021-08-28 11:17:26,national
Mont-Laurier,immigration,7,Journal Accès,Entreprises exportatrices et relance économique - Accès Laurentides,2021-05-25,95,https://www.journalacces.ca/les-entreprises-exportatrices-primordiales-pour-la-relance-economique/,2021-08-28 11:17:26,national
Mont-Laurier,immigration,8,La Voix de l'est - Groupe Capitales Médias,La hausse des rejets pour «motifs humanitaires» à l'immigration serait due au virus,2021-07-14,45,https://www.lavoixdelest.ca/actualites/le-fil-groupe-capitales-medias/la-hausse-des-rejets-pour-motifs-humanitaires-a-limmigration-serait-due-au-virus-f6f227523976695d73363ecc27298af7,2021-08-28 11:17:26,national
Mont-Laurier,immigration,9,ICI.Radio-Canada.ca,Finis les soupers au restaurant à Saint-Sauveur et à Mont-Tremblant | Coronavirus,2020-12-12,259,https://ici.radio-canada.ca/nouvelle/1756385/laurentides-zone-rouge-covid-19,2021-08-28 11:17:26,national
Mont-Laurier,immigration,10,La Presse,La crise du logement se répand | La Presse,2021-04-04,146,https://www.lapresse.ca/actualites/2021-04-04/la-crise-du-logement-se-repand.php,2021-08-28 11:17:27,national
Mont-Laurier,immigration,11,ICI.Radio-Canada.ca,La Vérif : peut-on obliger les immigrants à accepter un emploi en région? | Élections Canada 2019,,,https://ici.radio-canada.ca/nouvelle/1303179/immigration-verif-bloc-quebecois-blanchet-legault-residence-permanente-arrima,2021-08-28 11:17:27,national
Mont-Laurier,immigration,12,Le Droit - Groupe Capitales Médias,A lot of people here speak French? Un avantage!,2021-03-21,160,https://www.ledroit.com/opinions/a-lot-of-people-here-speak-french-un-avantage-9115af36c7f3e03291c9a22f80cb3c8d,2021-08-28 11:17:27,national
Mont-Laurier,immigration,13,Le Devoir,Bienvenue dans l'univers des restaurants kitsch avec le livre «Kitsch Qc»,2021-06-08,81,https://www.ledevoir.com/lire/608673/livre-bienvenue-dans-l-univers-des-restaurants-kitsch,2021-08-28 11:17:27,national
Mont-Laurier,immigration,14,Le Droit - Groupe Capitales Médias,Immigration: des délais de traitement impensables [PHOTOS + VIDÉO],2020-11-13,288,https://www.ledroit.com/actualites/le-fil-groupe-capitales-medias/immigration-des-delais-de-traitement-impensables-photos--video-87b46dca6b89f81e7a9969fbbbe852c2,2021-08-28 11:17:27,national
Mont-Laurier,immigration,15,Le Journal de Montréal,Travailleurs migrants: manifestation devant les bureaux de Trudeau,,,https://www.journaldemontreal.com/2020/06/06/nouvelle-manifestation-pour-les-anges-gardiens-migrants-et-demandeurs-dasile-1,2021-08-28 11:17:28,national
Mont-Laurier,immigration,16,Le Soleil - Groupe Capitales Médias,Immigration économique: une question d'intégration | Opinions,,,https://www.lesoleil.com/opinions/immigration-economique-une-question-dintegration-c2607d573a056f80ad4c5bf98f4a5dcd,2021-08-28 11:17:28,national
Mont-Laurier,immigration,17,Le Soleil - Groupe Capitales Médias,10 solutions à la pénurie de main-d'œuvre au Québec,2021-07-11,48,https://www.lesoleil.com/opinions/10-solutions-a-la-penurie-de-main-duvre-au-quebec-f792d4e431913490dafea85fdd64cc15,2021-08-28 11:17:28,national
Mont-Laurier,immigration,18,Le Droit - Groupe Capitales Médias,Des résidents temporaires traités comme des touristes | À vous la parole | Opinions,2021-07-20,39,https://www.ledroit.com/opinions/votre-opinion/des-residents-temporaires-traites-comme-des-touristes-a66930d02497fa958f089b0ddf403569,2021-08-28 11:17:28,national
Mont-Laurier,immigration,19,La Tribune - Groupe Capitales Médias,La santé et la sécurité des migrants détenus à Laval menacées par la COVID-19,2021-02-23,186,https://www.latribune.ca/actualites/le-fil-groupe-capitales-medias/la-sante-et-la-securite-des-migrants-detenus-a-laval-menacees-par-la-covid-19-bef311525fe49f82ea9255ef740b8d5e,2021-08-28 11:17:28,national
Mont-Laurier,immigration,20,Le Soleil - Groupe Capitales Médias,"PEQ: lettre ouverte à la nouvelle ministre de l'Immigration, de la Francisation et de l'Intégration",,,https://www.lesoleil.com/opinions/point-de-vue/peq-lettre-ouverte-a-la-nouvelle-ministre-de-limmigration-de-la-francisation-et-de-lintegration-5e8140fef9a8a29ae35e95d7681f8ad6,2021-08-28 11:17:28,national
Mont-Laurier,immigration,21,Le Journal de Montréal,La tête dans le sable,2021-05-02,118,https://www.journaldemontreal.com/2021/05/02/la-tete-dans-le-sable,2021-08-28 11:17:29,national
Mont-Laurier,immigration,22,Le Soleil - Groupe Capitales Médias,COVID-19: l'immigration plus pertinente que jamais | Points de vue | Opinions,,,https://www.lesoleil.com/opinions/point-de-vue/covid-19-limmigration-plus-pertinente-que-jamais-4494b18fe971a4ba0b66cae81a444a08,2021-08-28 11:17:29,national
Mont-Laurier,immigration,23,Radio-Canada.ca,Comme Churchill en 1945?,2021-05-03,117,https://ici.radio-canada.ca/nouvelle/1789774/auger-michelc-analyse-legault-crise-logement,2021-08-28 11:17:29,national
Mont-Laurier,immigration,24,Le Journal de Québec,Grandes victoires pour une ado qui veut marcher à nouveau,2021-05-23,97,https://www.journaldequebec.com/2021/05/23/grandes-victoires-pour-une-ado-qui-veut-marcher-a-nouveau,2021-08-28 11:17:29,national
Mont-Laurier,immigration,25,Le Droit - Groupe Capitales Médias,Immigration : il faut l'augmenter | Opinions,,,https://www.ledroit.com/opinions/pierre-jury/immigration--il-faut-laugmenter-ec9a1963ebf7ce24cb734d069aa0171f,2021-08-28 11:17:29,national
Mont-Laurier,racisme,1,Le Journal de Québec,«Ils ont peur d'aller à l'hôpital»,2020-09-30,332,https://www.journaldequebec.com/2020/09/30/ils-ont-peur-daller-a-lhopital,2021-08-28 11:17:46,national
Mont-Laurier,racisme,2,Métro Montréal,Me niaisez-vous?,2021-01-15,225,https://journalmetro.com/actualites/national/2599716/bochra-manai-frederic-berard/,2021-08-28 11:17:46,national
Mont-Laurier,racisme,3,Le Soleil - Groupe Capitales Médias,Une autre définition du racisme systémique | Points de vue | Opinions,2021-02-07,202,https://www.lesoleil.com/opinions/point-de-vue/une-autre-definition-du-racisme-systemique-f72b998a08fc7e68ddc0c1f78b89215d,2021-08-28 11:17:47,national
Mont-Laurier,racisme,4,Le Droit - Groupe Capitales Médias,Le racisme n'a pas sa place à l'Université d'Ottawa,2020-10-31,301,https://www.ledroit.com/opinions/votre-opinion/le-racisme-na-pas-sa-place-a-luniversite-dottawa-951fb65120378edf4f2a9d27589fa51b,2021-08-28 11:17:47,national
Mont-Laurier,racisme,5,La Presse,Joliette | Les voisins éloignés | La Presse,2020-11-07,294,https://www.lapresse.ca/actualites/2020-11-07/joliette/les-voisins-eloignes.php,2021-08-28 11:17:47,national
Mont-Laurier,racisme,6,Le Soleil - Groupe Capitales Médias,Le racisme systémique au Québec: avouer l'inavouable,2020-10-10,322,https://www.lesoleil.com/opinions/point-de-vue/le-racisme-systemique-au-quebec-avouer-linavouable-f34346c8f1b3932ade4c2c16ec11d4a0,2021-08-28 11:17:47,national
Mont-Laurier,racisme,7,Le Devoir,"Québec PLQ: racistes, les régions?",,,https://www.ledevoir.com/politique/quebec/568157/racistes-les-regions,2021-08-28 11:17:47,national
Mont-Laurier,racisme,8,La Presse,Le racisme par procuration des anti-Anglade,,,https://www.lapresse.ca/debats/opinions/2019-12-07/le-racisme-par-procuration-des-anti-anglade,2021-08-28 11:17:47,national
Mont-Laurier,racisme,9,Métro Montréal,Des régions racistes,,,https://journalmetro.com/actualites/national/2401582/noirs-des-regions-racistes/,2021-08-28 11:17:48,national
Mont-Laurier,racisme,10,Le Droit - Groupe Capitales Médias,Insultes racistes à sa voisine: un homme devra payer des dommages,2021-07-22,37,https://www.ledroit.com/actualites/le-fil-groupe-capitales-medias/insultes-racistes-a-sa-voisine-un-homme-devra-payer-des-dommages-cb0e92cf31ae843e1c93f49159319a58,2021-08-28 11:17:48,national
Mont-Laurier,racisme,11,Le Droit - Groupe Capitales Médias,"Vallée-de-la-Gatineau: mise à l'eau, mode d'emploi",2021-07-22,37,https://www.ledroit.com/actualites/vallee-de-la-gatineau-mise-a-leau-mode-demploi-e5bddcc7c39eb5f3a9b9682607be1a48,2021-08-28 11:17:48,national
Mont-Laurier,racisme,12,Radio-Canada.ca,Nimâ Machouf souhaite de nouveau être candidate pour le NPD,2021-03-28,153,https://ici.radio-canada.ca/nouvelle/1780499/nima-machouf-npd-election-laurier-sainte-marie,2021-08-28 11:17:48,national
Mont-Laurier,racisme,13,Le Droit - Groupe Capitales Médias,"Les réseaux sociaux, véritables outils de lutte contre le racisme?",,,https://www.ledroit.com/actualites/le-fil-groupe-capitales-medias/les-reseaux-sociaux-veritables-outils-de-lutte-contre-le-racisme-62fb6b9a4070de15798f660450f86a41,2021-08-28 11:17:48,national
Mont-Laurier,racisme,14,Le Droit - Groupe Capitales Médias,Libertés surveillées | À vous la parole | Opinions,2020-10-16,316,https://www.ledroit.com/opinions/votre-opinion/libertes-surveillees-b9f50826490ce6838a1f13246358a7a2,2021-08-28 11:17:48,national
Mont-Laurier,racisme,15,Le Soleil - Groupe Capitales Médias,Des films à voir pour combattre le racisme,,,https://www.lesoleil.com/opinions/point-de-vue/des-films-a-voir-pour-combattre-le-racisme-fd6bb0cb56d6a0b10460959c8347c9ac,2021-08-28 11:17:49,national
Mont-Laurier,racisme,16,Le Droit - Groupe Capitales Médias,La peur des mots? | À vous la parole | Opinions,2021-07-21,38,https://www.ledroit.com/opinions/votre-opinion/la-peur-des-mots-2d83554e3a25f3b431231ba83da39f1c,2021-08-28 11:17:49,national
Mont-Laurier,racisme,17,Le Soleil - Groupe Capitales Médias,La souillure du profilage racial | Points de vue | Opinions,2021-02-05,204,https://www.lesoleil.com/opinions/point-de-vue/la-souillure-du-profilage-racial-8e04f82294ae7fa8175351897ad6480d,2021-08-28 11:17:49,national
Mont-Laurier,racisme,18,Journal Métro,Rapport de l'ombudsman: forte augmentation des plaintes pour Le Plateau,2021-05-20,100,https://journalmetro.com/local/le-plateau-mont-royal/2643078/rapport-ombudsman-forte-augmentation-plaintes-pour-plateau/,2021-08-28 11:17:49,national
Mont-Laurier,racisme,19,Le Journal de Québec,"Pour sauver nos forêts, sortons le bois mort",2021-03-20,161,https://www.journaldequebec.com/2021/03/20/pour-sauver-nos-forets-sortons-le-bois-mort,2021-08-28 11:17:50,national
Mont-Laurier,racisme,20,NetFemmes,Le CDÉACF annonce le gagnant de la bourse « Alphabétiser sans stéréotypes »,2021-02-22,187,http://cdeacf.ca/actualite/2021/02/22/cdeacf-annonce-gagnant-bourse-alphabetiser-stereotypes,2021-08-28 11:17:50,national
Mont-Laurier,racisme,21,Le Devoir,L'arrestation d'un jeune Noir avec un genou sur le cou est vivement dénoncée,2021-07-08,51,https://www.ledevoir.com/societe/616797/l-arrestation-d-un-jeune-noir-avec-un-genou-sur-le-cou-est-vivement-denoncee,2021-08-28 11:17:50,national
Mont-Laurier,racisme,22,Le Soleil - Groupe Capitales Médias,"Pas raciste, juste xénophobe | Opinions",,,https://www.lesoleil.com/opinions/pas-raciste-juste-xenophobe-9bd43c4bc7d55cc3d8ec9e297b8ef666,2021-08-28 11:17:50,national
Mont-Laurier,racisme,23,ICI.Radio-Canada.ca,Où sont les Autochtones dans les emplois publics du Québec?,,,https://ici.radio-canada.ca/nouvelle/1712061/autochtones-emplois-quebec-representation-systemique,2021-08-28 11:17:50,national
Mont-Laurier,racisme,24,ICI.Radio-Canada.ca,Projet de clinique médicale mobile pour femmes autochtones dans La Vallée-de-la-Gatineau,2020-10-27,305,https://ici.radio-canada.ca/nouvelle/1744315/jessie-nault-clinique-mobile-femmes-obstetrique-gynecologie-autochtones-algonquines-anishnabeg,2021-08-28 11:17:51,national
Mont-Laurier,racisme,25,Le Droit - Groupe Capitales Médias,Réserve faunique La Vérendrye: les Algonquins de Kitigan Zibi forcés de lever leurs barrages,2020-10-07,325,https://www.ledroit.com/actualites/reserve-faunique-la-verendrye-les-algonquins-de-kitigan-zibi-forces-de-lever-leurs-barrages-560edd4ab448ae9da84c67c741a25e61,2021-08-28 11:17:51,national
Mont-Laurier,Chine,1,TVA Nouvelles,Mont-Laurier: un homme de 32 ans porté disparu,2021-05-07,113,https://www.tvanouvelles.ca/2021/05/07/mont-laurier-un-homme-de-32-ans-porte-disparu-1,2021-08-28 11:18:12,national
Mont-Laurier,Chine,2,Le Figaro,Voyage culinaire à Corfou,2021-08-22,6,https://www.lefigaro.fr/voyages/voyage-culinaire-a-corfou-20210815,2021-08-28 11:18:12,national
Mont-Laurier,Chine,3,La Presse,Avertissement de smog pour la majorité du Québec,2021-07-19,40,https://www.lapresse.ca/actualites/environnement/2021-07-19/avertissement-de-smog-pour-la-majorite-du-quebec.php,2021-08-28 11:18:12,national
Mont-Laurier,Chine,4,ICI.Radio-Canada.ca,Mont-Laurier aux prises avec une importante pénurie de main-d'œuvre en santé,,,https://ici.radio-canada.ca/nouvelle/1465661/mont-laurier-penurie-main-oeuvre-sante,2021-08-28 11:18:12,national
Mont-Laurier,Chine,5,Le Devoir,Douze mois d'une pandémie qui n'en finit plus (2),2020-11-12,289,https://www.ledevoir.com/societe/sante/589617/douze-mois-d-une-pandemie-qui-n-en-finit-plus-2,2021-08-28 11:18:13,national
Mont-Laurier,Chine,6,Transport Magazine,Investissement de plus de 30 millions pour MRT,2021-05-04,116,https://www.transport-magazine.com/investissement-de-plus-de-30-millions-mrt/,2021-08-28 11:18:13,national
Mont-Laurier,Chine,7,Le Droit - Groupe Capitales Médias,"Vallée-de-la-Gatineau: mise à l'eau, mode d'emploi",2021-07-22,37,https://www.ledroit.com/actualites/vallee-de-la-gatineau-mise-a-leau-mode-demploi-e5bddcc7c39eb5f3a9b9682607be1a48,2021-08-28 11:18:13,national
Mont-Laurier,Chine,8,Le Devoir,"Il y a un an, le premier cas de COVID-19 au Québec",2021-02-27,182,https://www.ledevoir.com/societe/sante/596045/il-y-a-un-an-le-premier-cas-de-covid-19-au-quebec,2021-08-28 11:18:13,national
Mont-Laurier,Chine,9,Métro Montréal,5 adresses japonaises incontournables de Montréal,2021-07-14,45,https://journalmetro.com/inspiration/manger-et-boire-local/2669670/5-adresses-japonaises-incontournables-de-montreal/,2021-08-28 11:18:14,national
Mont-Laurier,Chine,10,Le Soleil - Groupe Capitales Médias,Pour une action gouvernementale à la mesure de la crise climatique,2021-07-24,35,https://www.lesoleil.com/opinions/pour-une-action-gouvernementale-a-la-mesure-de-la-crise-climatique-868b7a4baaa800ca9a1ed091e724c2e7,2021-08-28 11:18:14,national
Mont-Laurier,Chine,11,La Presse,Un an de pandémie | Hôpital général juif : d'une relâche à l'autre,2021-03-03,178,https://www.lapresse.ca/covid-19/2021-03-03/un-an-de-pandemie/hopital-general-juif-d-une-relache-a-l-autre.php,2021-08-28 11:18:14,national
Mont-Laurier,Chine,12,Le Journal de Montréal,Des pierres tombales 100% québécoises | JDM,2020-09-28,334,https://www.journaldemontreal.com/2020/09/28/des-pierres-tombales-100-quebecoises,2021-08-28 11:18:14,national
Mont-Laurier,Chine,13,Le Droit - Groupe Capitales Médias,Réserve faunique La Vérendrye: les Algonquins de Kitigan Zibi forcés de lever leurs barrages,2020-10-07,325,https://www.ledroit.com/actualites/reserve-faunique-la-verendrye-les-algonquins-de-kitigan-zibi-forces-de-lever-leurs-barrages-560edd4ab448ae9da84c67c741a25e61,2021-08-28 11:18:14,national
Mont-Laurier,Chine,14,Le Devoir,Le Devoir de philo/Histoire Le cas des Chinois,,,https://www.ledevoir.com/societe/le-devoir-de-philo-histoire/578144/le-cas-des-chinois,2021-08-28 11:18:15,national
Mont-Laurier,Chine,15,La Presse,"Bonnes adresses pour un menu à emporter | Rosemont, Villeray, Mile-Ex et Ahuntsic",2020-11-23,278,https://www.lapresse.ca/gourmand/restaurants/2020-11-23/bonnes-adresses-pour-un-menu-a-emporter/rosemont-villeray-mile-ex-et-ahuntsic.php,2021-08-28 11:18:15,national
Mont-Laurier,Chine,16,Le Citoyen Rouyn - La Sarre,Martin Roy Transport en pleine expansion,2021-05-16,104,https://www.lecitoyenrouynlasarre.com/article/2021/05/16/martin-roy-transport-en-pleine-expansion,2021-08-28 11:18:15,national
Mont-Laurier,Chine,17,Le Droit - Groupe Capitales Médias,"Joly pas contre un nouveau projet du port de Québec, mais dans les bonnes conditions",2021-06-30,59,https://www.ledroit.com/actualites/le-fil-groupe-capitales-medias/joly-pas-contre-un-nouveau-projet-du-port-de-quebec-mais-dans-les-bonnes-conditions-28b175cc9f039c076fdd1dafc6b4820e,2021-08-28 11:18:15,national
Mont-Laurier,Chine,18,LaPresse.ca,Un homme perd la vie après une sortie de route à Mont-Laurier,,,https://www.lapresse.ca/actualites/justice-et-faits-divers/faits-divers/201709/16/01-5133894-un-homme-perd-la-vie-apres-une-sortie-de-route-a-mont-laurier.php,2021-08-28 11:18:15,national
Mont-Laurier,Chine,19,Droit-Inc.com,Des nouvelles des tribunaux!,2021-01-06,234,https://www.droit-inc.com/article27963-Des-nouvelles-des-tribunaux,2021-08-28 11:18:16,national
Mont-Laurier,Chine,20,Le Soleil - Groupe Capitales Médias,Québec serre la vis: trois régions passent en zone d'alerte orange,2020-09-20,342,https://www.lesoleil.com/actualite/covid-19/quebec-serre-la-vis-trois-regions-passent-en-zone-dalerte-orange-77d3517e1fe95de11609e9d52f41e97e,2021-08-28 11:18:16,national
Mont-Laurier,Chine,21,Le Journal de Montréal,Une première usine de terres rares hors d'Asie,,,https://www.journaldemontreal.com/2020/02/07/une-premiere-usine-de-terres-rares-a-lexterieur-de-lasie,2021-08-28 11:18:16,national
Mont-Laurier,Chine,22,Le Droit - Groupe Capitales Médias,"Non, The Epoch Times n'est pas un média d'information",2021-01-21,219,https://www.ledroit.com/actualites/le-fil-groupe-capitales-medias/non-the-epoch-times-nest-pas-un-media-dinformation-c2a89d6f4ab04b2b659a502d5bb9f5ca,2021-08-28 11:18:16,national
Mont-Laurier,Chine,23,Droit-Inc.com,Le nouveau magistrat de Mont-Laurier,,,https://www.droit-inc.com/article24305-Le-nouveau-magistrat-de-Mont-Laurier,2021-08-28 11:18:16,national
Mont-Laurier,Chine,24,Le Soleil - Groupe Capitales Médias,"Hong Kong: un pays, un système | Points de vue | Opinions",,,https://www.lesoleil.com/opinions/point-de-vue/hong-kong-un-pays-un-systeme-2f633cd4b17b5234b1bd8973f1845405,2021-08-28 11:18:17,national
Mont-Laurier,Chine,25,Le Soleil - Groupe Capitales Médias,À la veille du 5G | Points de vue | Opinions,,,https://www.lesoleil.com/opinions/point-de-vue/a-la-veille-du-5g-e6b47daee6d024ad40cc44dc4ce7e51e,2021-08-28 11:18:17,national
Mont-Laurier,Biden OR Trump,1,Le Journal de Montréal,[EN IMAGES] Industrie forestière : les cours à bois sont pleines,2021-05-10,110,https://www.journaldemontreal.com/2021/05/10/les-cours-sont-pourtant-pleines,2021-08-28 11:18:38,national
Mont-Laurier,Biden OR Trump,2,Le Soleil - Groupe Capitales Médias,"Trump, à coups de pied au derrière | Points de vue | Opinions",2021-01-05,235,https://www.lesoleil.com/opinions/point-de-vue/trump-a-coups-de-pied-au-derriere-684d933b9595214f03230609a6ed9139,2021-08-28 11:18:38,national
Mont-Laurier,Biden OR Trump,3,Le Journal de Québec,La fermeture d'une pisciculture publique inquiète dans les Laurentides,2021-03-16,165,https://www.journaldequebec.com/2021/03/16/la-fermeture-dune-pisciculture-publique-inquiete-dans-les-laurentides,2021-08-28 11:18:38,national
Mont-Laurier,Biden OR Trump,4,Le Journal de Montréal,Mont-Laurier: un homme de 26 ans arrêté pour conduite avec facultés affaiblies,2020-11-08,293,https://www.journaldemontreal.com/2020/11/08/mont-laurier-un-homme-de-26-ans-arrete-pour-conduite-avec-facultes-affaiblies,2021-08-28 11:18:38,national
Mont-Laurier,Biden OR Trump,5,La Tribune - Groupe Capitales Médias,Les truites de Jean-Claude | Actualités,2021-06-07,82,https://www.latribune.ca/actualites/les-truites-de-jean-claude-5470569be7a365edc47c00d9f0a415cd,2021-08-28 11:18:39,national
Mont-Laurier,Biden OR Trump,6,TVA Nouvelles,Pourquoi les urgences débordent-elles?,2021-07-04,55,https://www.tvanouvelles.ca/2021/07/04/pourquoi-les-urgences-debordent-elles,2021-08-28 11:18:39,national
Mont-Laurier,Biden OR Trump,7,Le Soleil - Groupe Capitales Médias,Trump a volé le parti | Points de vue | Opinions,2021-03-01,180,https://www.lesoleil.com/opinions/point-de-vue/trump-a-vole-le-parti-a8aebcbccc583f1c45bfc81c3bd1d307,2021-08-28 11:18:39,national
Mont-Laurier,Biden OR Trump,8,Le Soleil - Groupe Capitales Médias,Élections péruviennes: Keiko Fujimori tente un détournement à la Trump,2021-06-26,63,https://www.lesoleil.com/opinions/point-de-vue/elections-peruviennes-keiko-fujimori-tente-un-detournement-a-la-trump-7f6451b07a4cb7322202d59f44cfe0cf,2021-08-28 11:18:40,national
Mont-Laurier,Biden OR Trump,9,Le Soleil - Groupe Capitales Médias,Le coup d'État raté de Donald Trump,2020-11-25,276,https://www.lesoleil.com/opinions/point-de-vue/le-coup-detat-rate-de-donald-trump-81be02191342e6e0f1b982d055f64b3b,2021-08-28 11:18:40,national
Mont-Laurier,Biden OR Trump,10,Le Soleil - Groupe Capitales Médias,"Le duo Trump-Pence, la rupture | Points de vue | Opinions",2021-01-12,228,https://www.lesoleil.com/opinions/point-de-vue/le-duo-trump-pence-la-rupture-a071227462ed81a712d944d27fd872db,2021-08-28 11:18:40,national
Mont-Laurier,Biden OR Trump,11,Le Nouvelliste - Groupe Capitales Médias,"Un gym de La Tuque reste ouvert malgré une contravention : «Si je ferme, je fais faillite»",2020-11-06,295,https://www.lenouvelliste.ca/actualites/un-gym-de-la-tuque-reste-ouvert-malgre-une-contravention--si-je-ferme-je-fais-faillite-e9c0f8627880ebd886fdb8a281f514c1,2021-08-28 11:18:40,national
Mont-Laurier,Biden OR Trump,12,Le Journal de Montréal,Coronavirus: il n'y a pas d'autre cas à Mont-Laurier,,,https://www.journaldemontreal.com/2020/03/06/coronavirus-il-ny-a-pas-dautre-cas-a-mont-laurier,2021-08-28 11:18:41,national
Mont-Laurier,Biden OR Trump,13,Le Droit - Groupe Capitales Médias,"Vallée-de-la-Gatineau: mise à l'eau, mode d'emploi",2021-07-22,37,https://www.ledroit.com/actualites/vallee-de-la-gatineau-mise-a-leau-mode-demploi-e5bddcc7c39eb5f3a9b9682607be1a48,2021-08-28 11:18:41,national
Mont-Laurier,Biden OR Trump,14,Le Journal de Montréal,C'est une tornade qui a frappé un secteur de Mont-Laurier le 21 août,,,https://www.journaldemontreal.com/2019/08/30/cest-une-tornade-qui-a-frappe-un-secteur-de-mont-laurier-le-21-aout-1,2021-08-28 11:18:41,national
Mont-Laurier,Biden OR Trump,15,Le Soleil - Groupe Capitales Médias,Le «covideur» covidé | Opinions,2020-10-06,326,https://www.lesoleil.com/opinions/le-covideur-covide-dd7f2a8f1f664311646457680848aa05,2021-08-28 11:18:41,national
Mont-Laurier,Biden OR Trump,16,ICI.Radio-Canada.ca,COVID-19 : des déplacements interrégionaux pour obtenir son permis de conduire | Coronavirus,2021-02-06,203,https://ici.radio-canada.ca/nouvelle/1768897/saaq-examen-conduite-deplacements-interregionaux-covid-19,2021-08-28 11:18:41,national
Mont-Laurier,Biden OR Trump,17,Radio-Canada.ca,Comme Churchill en 1945?,2021-05-03,117,https://ici.radio-canada.ca/nouvelle/1789774/auger-michelc-analyse-legault-crise-logement,2021-08-28 11:18:42,national
Mont-Laurier,Biden OR Trump,18,La Presse,Québec agricole inc. | La vache à lait d'Inovo : les œufs,2021-07-13,46,https://www.lapresse.ca/affaires/chroniques/2021-07-13/quebec-agricole-inc/la-vache-a-lait-d-inovo-les-oeufs.php,2021-08-28 11:18:42,national
Mont-Laurier,Biden OR Trump,19,Le Droit - Groupe Capitales Médias,Une tornade sévit à Mont-Laurier | Actualités,,,https://www.ledroit.com/actualites/une-tornade-sevit-a-mont-laurier-e038dba720078ef979580c6c07e1caee,2021-08-28 11:18:42,national
Mont-Laurier,Biden OR Trump,20,Le Journal de Québec,«Ils ont peur d'aller à l'hôpital»,2020-09-30,332,https://www.journaldequebec.com/2020/09/30/ils-ont-peur-daller-a-lhopital,2021-08-28 11:18:42,national
Mont-Laurier,Biden OR Trump,21,Le Journal de Montréal,Un fils aurait appâté son père pour ensuite l'assassiner,2021-01-26,214,https://www.journaldemontreal.com/2021/01/26/un-guet-apens-pour-tuer-son-propre-pere,2021-08-28 11:18:43,national
Mont-Laurier,Biden OR Trump,22,La Tribune - Groupe Capitales Médias,Un individu désorganisé cause un émoi à Stoke,2021-03-25,156,https://www.latribune.ca/actualites/un-individu-desorganise-cause-un-emoi-a-stoke-d9b286400b6c0b949f6526273ce957af,2021-08-28 11:18:43,national
Mont-Laurier,Biden OR Trump,23,Le Journal de Montréal,Trophées des lecteurs,2020-11-28,273,https://www.journaldemontreal.com/2020/11/28/trophees-des-lecteurs,2021-08-28 11:18:43,national
Mont-Laurier,Biden OR Trump,24,Le Journal de Montréal,La reine du printemps,2021-03-27,154,https://www.journaldemontreal.com/2021/03/27/la-reine-du-printemps,2021-08-28 11:18:43,national
Mont-Laurier,Biden OR Trump,25,ICI.Radio-Canada.ca,La solution d'un petit groupe de presse des Laurentides à la crise des médias,,,https://ici.radio-canada.ca/nouvelle/1460992/information-nord-in-medias-hautes-laurentides,2021-08-28 11:18:43,national
Mont-Laurier,déficit,1,TopoLocal,"Le déficit santé des Laurentides se creuse de 2,2M$ par jour",2021-06-02,87,https://www.topolocal.ca/2021/06/02/le-deficit-sante-des-laurentides-se-creuse-de-22m-par-jour/,2021-08-28 11:19:02,national
Mont-Laurier,déficit,2,ICI.Radio-Canada.ca,Mont-Laurier aux prises avec une importante pénurie de main-d'œuvre en santé,,,https://ici.radio-canada.ca/nouvelle/1465661/mont-laurier-penurie-main-oeuvre-sante,2021-08-28 11:19:02,national
Mont-Laurier,déficit,3,MétéoMédia,Les orages frappent le Québec,2021-04-30,120,https://www.meteomedia.com/ca/nouvelles/article/les-orages-frappent-le-quebec,2021-08-28 11:19:03,national
Mont-Laurier,déficit,4,Le Journal de Montréal,La tête dans le sable,2021-05-02,118,https://www.journaldemontreal.com/2021/05/02/la-tete-dans-le-sable,2021-08-28 11:19:03,national
Mont-Laurier,déficit,5,Le Droit - Groupe Capitales Médias,Pertes de 100 millions $ prévues pour l'aéroport de Québec,2021-04-29,121,https://www.ledroit.com/actualites/le-fil-groupe-capitales-medias/pertes-de-100-millions--prevues-pour-laeroport-de-quebec-6e1e7c8c7f59a16117d8f170f837b97e,2021-08-28 11:19:03,national
Mont-Laurier,déficit,6,ICI.Radio-Canada.ca,Des élus des Hautes-Laurentides veulent que la route 117 soit rendue plus sûre,,,https://ici.radio-canada.ca/nouvelle/1084708/hautes-laurentides-route-117-pierre-flamand-labelle-riviere-rouge-lac-des-ecorces-mont-laurier,2021-08-28 11:19:03,national
Mont-Laurier,déficit,7,Le Soleil - Groupe Capitales Médias,Tramway: cherchez l'erreur | Points de vue | Opinions,2021-04-20,130,https://www.lesoleil.com/opinions/point-de-vue/tramway-cherchez-lerreur-f617435a86f04ebf755dbf4c75f936e7,2021-08-28 11:19:04,national
Mont-Laurier,déficit,8,MétéoMédia,Le Québec va glisser du mauvais côté,2021-06-25,64,https://www.meteomedia.com/ca/nouvelles/article/juin-une-finale-mouillee,2021-08-28 11:19:04,national
Mont-Laurier,déficit,9,TopoLocal,Le couvre-feu passe à 21h30 à partir du 17 mars mais les Laurentides restent au rouge,2021-03-16,165,https://www.topolocal.ca/2021/03/16/le-couvre-feu-passe-a-21h30-a-partir-du-17-mars-mais-les-laurentides-restent-au-rouge/,2021-08-28 11:19:04,national
Mont-Laurier,déficit,10,Le Droit - Groupe Capitales Médias,Donnons des pouvoirs aux Premières Nations! | À vous la parole | Opinions,2021-07-19,40,https://www.ledroit.com/opinions/votre-opinion/donnons-des-pouvoirs-aux-premieres-nations-1b0f0218ead8bb4127f7829c4a8700d4,2021-08-28 11:19:04,national
Mont-Laurier,déficit,11,Le Soleil - Groupe Capitales Médias,La pandémie aurait-elle eu raison de la grande résilience des Shintos?,2021-07-11,48,https://www.lesoleil.com/opinions/la-pandemie-aurait-elle-eu-raison-de-la-grande-resilience-des-shintos-8ed0f3d77cf0c5063d76b622fcac1f35,2021-08-28 11:19:05,national
Mont-Laurier,déficit,12,Le Droit - Groupe Capitales Médias,MOBI-O salue l'annonce d'un nouveau lien de transport actif,2021-07-28,31,https://www.ledroit.com/opinions/votre-opinion/mobi-o-salue-lannonce-dun-nouveau-lien-de-transport-actif-6b84f624dcc8be84d4d67755363662a5,2021-08-28 11:19:05,national
Mont-Laurier,déficit,13,Le Droit - Groupe Capitales Médias,Le 79 Fraser : une leçon d'urbanisme | À vous la parole | Opinions,2021-07-27,32,https://www.ledroit.com/opinions/votre-opinion/le-79-fraser--une-lecon-durbanisme-017523a4b3ec39cfa1bb187235dfad0b,2021-08-28 11:19:05,national
Mont-Laurier,déficit,14,Le Droit - Groupe Capitales Médias,Glyphosate: Santé Canada doit rassurer la population | À vous la parole | Opinions,2021-08-02,26,https://www.ledroit.com/opinions/votre-opinion/glyphosate-sante-canada-doit-rassurer-la-population-677b48a3feb4f9b52cc7159a58d0cee8,2021-08-28 11:19:05,national
Mont-Laurier,déficit,15,Le Droit - Groupe Capitales Médias,Pensionnats: «Haro sur le baudet!» | À vous la parole | Opinions,2021-07-05,54,https://www.ledroit.com/opinions/votre-opinion/pensionnats-haro-sur-le-baudet-9f2fc259e0c048d6bd19013dcb301b45,2021-08-28 11:19:06,national
Mont-Laurier,déficit,16,Le Droit - Groupe Capitales Médias,Logement pour les ménages à faibles revenus: la mathématique ne tient plus,2021-07-23,36,https://www.ledroit.com/opinions/votre-opinion/logement-pour-les-menages-a-faibles-revenus-la-mathematique-ne-tient-plus-30a23c9e3b68e54942bfecbefbc2b6f5,2021-08-28 11:19:06,national
Mont-Laurier,déficit,17,Le Droit - Groupe Capitales Médias,"Et le suicide chez les hommes, lui ? | À vous la parole | Opinions",2021-07-22,37,https://www.ledroit.com/opinions/votre-opinion/et-le-suicide-chez-les-hommes-lui--5eaad3130293aca06be3e8a8099bb5ad,2021-08-28 11:19:06,national
Mont-Laurier,déficit,18,Le Droit - Groupe Capitales Médias,La région de la capitale du Canada se tourne vers ses berges,2021-07-23,36,https://www.ledroit.com/opinions/votre-opinion/la-region-de-la-capitale-du-canada-se-tourne-vers-ses-berges-0c693db7416001818951431c094b5d3d,2021-08-28 11:19:06,national
Mont-Laurier,déficit,19,Le Droit - Groupe Capitales Médias,Et si Mary Simon apprenait le français… | À vous la parole | Opinions,2021-07-28,31,https://www.ledroit.com/opinions/votre-opinion/et-si-mary-simon-apprenait-le-francais-df9e3811fce3c8b4279d9532801a1fbc,2021-08-28 11:19:07,national
Mont-Laurier,déficit,20,Le Droit - Groupe Capitales Médias,À vous la parole | À vous la parole | Opinions,2021-07-06,53,https://www.ledroit.com/opinions/votre-opinion/a-vous-la-parole-fe419fd55d652a975b1bc9c33375508a,2021-08-28 11:19:07,national
Mont-Laurier,déficit,21,Le Droit - Groupe Capitales Médias,Pourquoi offrir des récompenses pour se faire vacciner?,2021-07-08,51,https://www.ledroit.com/opinions/votre-opinion/pourquoi-offrir-des-recompenses-pour-se-faire-vacciner-a55990192b9fba4814c37259eb971e4a,2021-08-28 11:19:07,national
Mont-Laurier,déficit,22,Le Droit - Groupe Capitales Médias,Lettre d'un pédiatre aux covidosceptiques | À vous la parole | Opinions,2021-04-23,127,https://www.ledroit.com/opinions/votre-opinion/lettre-dun-pediatre-aux-covidosceptiques-f62c0c4f4d5af564b8a6bebfdcf10dd0,2021-08-28 11:19:07,national
Mont-Laurier,déficit,23,Le Journal de Montréal,Des hôpitaux dans un piètre état,,,https://www.journaldemontreal.com/2019/05/25/des-hopitaux-dans-un-pietre-etat,2021-08-28 11:19:07,national
Mont-Laurier,déficit,24,Le Droit - Groupe Capitales Médias,Le poisson rouge de M. Legault | À vous la parole | Opinions,2021-04-01,149,https://www.ledroit.com/opinions/votre-opinion/le-poisson-rouge-de-m-legault-c3c000e5e9f9756f02bfb0185195f69f,2021-08-28 11:19:08,national
Mont-Laurier,déficit,25,Le Droit - Groupe Capitales Médias,"La pêche à gué, activité d'intérêt public",2021-04-29,121,https://www.ledroit.com/opinions/votre-opinion/la-peche-a-gue-activite-dinteret-public-24ac27602538396752e78fb7c31dd84a,2021-08-28 11:19:08,national
